0.0 0.0 0.0 1545218711.4724512
 
0.0 0.0 0.0 1545218711.4847686
 
0.000349059943107823 2.0307713428230697e-06 0.005817764173314433 1545218711.4996786
 
0.0008725501756774519 1.2691644301141713e-05 0.020362174606600513 1545218711.5114062
 
0.0015701827684558279 3.908552904845269e-05 0.03781546712654381 1545218711.523606
 
0.0022672484716071955 7.765076143233913e-05 0.055268759646487114 1545218711.5355625
 
0.002789350458380567 0.00011721328429597645 0.07563093425308763 1545218711.5489876
 
0.0036579975095476606 0.00020085448207245453 0.09599310885968813 1545218711.560323
 
0.004697756246268367 0.00032545175589943 0.11926416555294589 1545218711.5721433
 
0.0057343342106108645 0.0004742093945997994 0.14253522224620357 1545218711.5849757
 
0.006422891455084368 0.0005894343603919083 0.16580627893946134 1545218711.5979786
 
0.007792720784415525 0.0008598397877395991 0.1948950998060335 1545218711.6099057
 
0.008815095572314535 0.0010864948214375173 0.21816615649929122 1545218711.6215518
 
0.010002234879040102 0.0013751566016960179 0.23852833110589172 1545218711.6333847
 
0.011013750038967566 0.0016461912719304202 0.2617993877991495 1545218711.6461742
 
0.012185169330426002 0.001993181474319327 0.2879793265790644 1545218711.6591315
 
0.013182050489972664 0.00231388486527902 0.3112503832723221 1545218711.6703956
 
0.014500915572594582 0.0027723021211449217 0.33452143996557987 1545218711.6823492
 
0.01548179639544946 0.003139038433210809 0.3577924966588376 1545218711.695748
 
0.01709812879347292 0.0037975547784649087 0.3868813175254097 1545218711.7079263
 
0.018219941395166264 0.004281457499718757 0.4072434921320102 1545218711.7198505
 
0.019488797337710615 0.004864171909790134 0.430514548825268 1545218711.7315269
 
0.02074375057013004 0.005476253498367154 0.4537856055185257 1545218711.7443895
 
0.021830702368987997 0.006034071698065164 0.47414778012512626 1545218711.755981
 
0.023057762540093694 0.0067003110117663175 0.49741883681838395 1545218711.7689092
 
0.02426898778030954 0.0073949223448864995 0.5206898935116416 1545218711.7801783
 
0.025463722189800645 0.008117529553135132 0.5439609502048994 1545218711.7940576
 
0.02693023737703029 0.009063842082636815 0.5730497710714716 1545218711.805796
 
0.028085516105303937 0.009847986550597515 0.5963208277647293 1545218711.8174238
 
0.02922223580825578 0.01065880083485501 0.619591884457987 1545218711.8299737
 
0.030482207973072398 0.011596815357215759 0.6399540590645876 1545218711.8418014
 
0.031722820247600564 0.01256028942773474 0.6603162336711881 1545218711.85454
 
0.032805360097998365 0.013442139164898424 0.6835872903644459 1545218711.8661163
 
0.03386708711812054 0.014348939706019454 0.7068583470577036 1545218711.8788543
 
0.035040511356049596 0.015393198609794266 0.7272205216643041 1545218711.8922355
 
0.036440795006878524 0.01670662027728737 0.753400460444219 1545218711.9051898
 
0.03756436408549183 0.017804342293945695 0.7737626350508194 1545218711.9168952
 
0.03878405521511218 0.0190527523812938 0.7970336917440772 1545218711.9292808
 
0.03974222929871922 0.020068357576307462 0.8144869842640204 1545218711.940841
 
0.0407966883685817 0.021232624371443822 0.834849158870621 1545218711.9537365
 
0.042166131425254536 0.022817274667079793 0.8581202155638787 1545218711.9655397
 
0.04306673977788561 0.023884259241385385 0.8697557439105077 1545218711.9771957
 
0.04426624761570363 0.025383276161380714 0.8959356826904227 1545218711.9896111
 
0.04522248783228494 0.026629472674160652 0.916297857297023 1545218712.0064728
 
0.04676130602436032 0.028747474212625343 0.942477796076938 1545218712.0232563
 
0.04804644101032235 0.030617357220262927 0.968657734856853 1545218712.0392952
 
0.04920241512918959 0.03236384360195552 0.9861110273767963 1545218712.0557406
 
0.05067533382107102 0.034736335219147464 1.0151998482433686 1545218712.0718806
 
0.05225403768370744 0.03745245349992726 1.0442886691099404 1545218712.0944808
 
0.0534324294879306 0.03959298945700884 1.0675597258031981 1545218712.1091866
 
0.054399513522026904 0.041450740601787016 1.090830782496456 1545218712.1203809
 
0.05518734947359788 0.043008138659856754 1.102466310843085 1545218712.1323955
 
0.05601890856661078 0.04473856642611766 1.1228284854496855 1545218712.1441803
 
0.056825212542894965 0.04648090527870849 1.1373728958829716 1545218712.1564553
 
0.05759587401445383 0.04823929990895332 1.1577350704895721 1545218712.169201
 
0.05827782848267092 0.049845883956286634 1.169370598836201 1545218712.1808276
 
0.059002196462450425 0.05162384959411242 1.183915009269487 1545218712.1928458
 
0.05970062927696008 0.053412162313699045 1.1984594197027731 1545218712.2058012
 
0.06048284708696243 0.05554199087302264 1.2188215943093734 1545218712.2173722
 
0.06105586865679481 0.05719057222630005 1.2362748868293167 1545218712.2298393
 
0.061720429975136194 0.05917673664524752 1.2479104151759457 1545218712.2415085
 
0.062245260603255345 0.06084128673751124 1.265363707695889 1545218712.2548094
 
0.06285177374548297 0.06284593948879606 1.2769992360425177 1545218712.266152
 
0.06338095947953773 0.06469142946121317 1.291543646475804 1545218712.2788503
 
0.06388324862536134 0.06654442066286713 1.30608805690909 1545218712.2901635
 
0.06440764327959014 0.06857210433926857 1.317723585255719 1545218712.303834
 
0.06493089409232534 0.07077987311823236 1.3380857598623195 1545218712.3155804
 
0.0653573257753702 0.07265177770958169 1.346812406122291 1545218712.3271866
 
0.0658161428929061 0.07487383109486553 1.3671745807288915 1545218712.3394077
 
0.06614916741408045 0.07658709373268954 1.3788101090755203 1545218712.350849
 
0.06653666119898759 0.07882268827577059 1.399172283682121 1545218712.3638074
 
0.0668703127232458 0.08089033609522357 1.4108078120287497 1545218712.375511
 
0.06715960852283709 0.08278827674755126 1.4195344582887215 1545218712.386991
 
0.06743902100296237 0.08486395001444053 1.4369877508086648 1545218712.3994315
 
0.06767853537376106 0.08676881317110038 1.4457143970686366 1545218712.412341
 
0.06792882662280188 0.089023893809359 1.4602588075019225 1545218712.4240634
 
0.06811283725791013 0.09093491732192661 1.4748032179352086 1545218712.4358716
 
0.0682893058897715 0.09302186477380404 1.4864387462818374 1545218712.4473808
 
0.06844148038780276 0.09511072421547968 1.4980742746284663 1545218712.4603899
 
0.06856934015001283 0.09720121284882267 1.5097098029750955 1545218712.4721973
 
0.0686728678662366 0.09929304765513555 1.5213453313217238 1545218712.4839602
 
0.06875103139445551 0.10121131803291748 1.5300719775816958 1545218712.4959075
 
0.06881245209189958 0.10313019746564502 1.5387986238416675 1545218712.5096726
 
0.06885205034601408 0.10539877992450922 1.5533430342749537 1545218712.521263
 
0.06886880409145535 0.10731856899923407 1.562069680534925 1545218712.5338862
 
0.06886271175165144 0.10941295524067195 1.573705208881554 1545218712.5457187
 
0.06884748107397756 0.11115821803587637 1.5795229730548683 1545218712.5590355
 
0.06881397485895761 0.11307778780876149 1.58824961931484 1545218712.5703309
 
0.06876371872598697 0.11499699209713678 1.5969762655748119 1545218712.582209
 
0.06869671650226473 0.1169156847461651 1.6057029118347832 1545218712.5938425
 
0.06862565874933844 0.11865956690778501 1.6115206760080978 1545218712.606469
 
0.06851604657890416 0.12075109171448016 1.6231562043547263 1545218712.6194332
 
0.06842927480604041 0.12231948954657075 1.626065086441384 1545218712.6308384
 
0.06830141504383035 0.12440997817991374 1.6318828506146985 1545218712.6423645
 
0.06819184183110291 0.1259769481258045 1.6406094968746696 1545218712.6539502
 
0.06805234854124091 0.12789173594734055 1.6435183789613272 1545218712.6668446
 
0.06789615109895948 0.12980523356647777 1.652245025221299 1545218712.6791813
 
0.0677440356316627 0.13154392131373893 1.6580627893946132 1545218712.6903415
 
0.06758180752041383 0.13328169467001635 1.6638805535679277 1545218712.7022867
 
0.06742215951293078 0.13484435701805544 1.6726071998278995 1545218712.715552
 
0.0672447728379496 0.13658064851587665 1.6726071998278995 1545218712.7273574
 
0.06704719595754072 0.13831475853954728 1.6842427281745282 1545218712.739603
 
0.06686483763446589 0.13987493370352014 1.6871516102611852 1545218712.7511592
 
0.06660959507850628 0.14195371750241692 1.6929693744344996 1545218712.7662692
 
0.06637008070770758 0.14385858065907678 1.695878256521157 1545218712.7788403
 
0.06616958167610211 0.1454165284241182 1.6987871386078144 1545218712.7902174
 
0.06593673794266437 0.14714625614652593 1.7046049027811288 1545218712.8018932
 
0.06574241563530728 0.1485289312086784 1.7104226669544427 1545218712.8152328
 
0.06546969329768992 0.15042932414330634 1.7133315490411003 1545218712.8268836
 
0.06523299673438795 0.151982184677029 1.722058195301072 1545218712.839235
 
0.06502259978923067 0.1533625051514491 1.722058195301072 1545218712.850838
 
0.0647813871455239 0.15491467059391598 1.724967077387729 1545218712.863485
 
0.06450334420864204 0.15663771044346014 1.7307848415610438 1545218712.8753188
 
0.0642485957227406 0.15818771183352506 1.7336937236477008 1545218712.8874779
 
0.06396554184951676 0.1599099356002639 1.7336937236477008 1545218712.8997135
 
0.0637310870349 0.16128637391219 1.7395114878210154 1545218712.9123921
 
0.06346282210688738 0.1628340932112461 1.7424203699076726 1545218712.9249005
 
0.06319005618725353 0.16438102561227685 1.7453292519943298 1545218712.93612
 
0.06291279158403158 0.16592715802577593 1.7482381340809872 1545218712.948343
 
0.06263103064332068 0.16747247736900628 1.751147016167644 1545218712.9600077
 
0.06234477574926607 0.16901697056611084 1.7540558982543013 1545218712.972527
 
0.06208234419706814 0.17038834985975862 1.759873662427616 1545218712.9842417
 
0.061819912644870204 0.17175972915340637 1.759873662427616 1545218712.9957693
 
0.0615201905758133 0.173301665527448 1.7627825445142729 1545218713.007251
 
0.06124580162611698 0.1746707024849183 1.7686003086875877 1545218713.0214322
 
0.06090281543899659 0.17638199868175614 1.7686003086875872 1545218713.033444
 
0.06062842648930027 0.17775103563922642 1.768600308687587 1545218713.0451763
 
0.060384852607806655 0.17894823951543506 1.7715091907742446 1545218713.0563025
 
0.06006720998797411 0.18048658416678542 1.7744180728609016 1545218713.069588
 
0.059695402525371026 0.18237009949461577 1.7656914266009305 1545218713.0963528
 
0.059151090991647275 0.18493088392510892 1.7802358370342166 1545218713.1091907
 
0.0588607915069946 0.18629663562137197 1.7802358370342164 1545218713.1358073
 
0.05816189773594027 0.1895382766180095 1.7831447191208731 1545218713.161318
 
0.05760269745780337 0.19209585105370686 1.7860536012075308 1545218713.1856003
 
0.057036059873558566 0.19465178802345445 1.788962483294188 1545218713.210962
 
0.0563854470984338 0.1975466362834985 1.7918713653808451 1545218713.2336018
 
0.05577310566302224 0.20027119935177534 1.7918713653808453 1545218713.2551863
 
0.055380492007608924 0.20197179592811262 1.7976891295541597 1545218713.2665436
 
0.05502268906755081 0.20350129851273221 1.8005980116408167 1545218713.2792354
 
0.05479008996770815 0.20452233738074097 1.7947802474675023 1545218713.290435
 
0.05439253114542134 0.20622178469698502 1.8005980116408171 1545218713.3173573
 
0.05383594879421982 0.20860101093972663 1.8005980116408167 1545218713.3324375
 
0.05351790173639038 0.20996056879272185 1.8005980116408167 1545218713.344405
 
0.05323615129876374 0.21114936736601003 1.8035068937274739 1545218713.3569114
 
0.05295094398316761 0.2123373413320907 1.8064157758141315 1545218713.3692658
 
0.05266919354554096 0.21352613990537891 1.8035068937274743 1545218713.380388
 
0.05238398622994485 0.21471411387145953 1.8064157758141315 1545218713.392284
 
0.052139522816576744 0.2157323772709572 1.8064157758141317 1545218713.405031
 
0.05189505940320864 0.21675064067045488 1.806415775814131 1545218713.416218
 
0.05156910818538451 0.21810832520311843 1.8064157758141308 1545218713.4294043
 
0.0513246447720164 0.21912658860261616 1.8064157758141308 1545218713.4410994
 
0.0510801813586483 0.22014485200211384 1.8064157758141308 1545218713.4537582
 
0.05079151957838979 0.22133199130883943 1.8093246579007887 1545218713.4654367
 
0.05050631226279367 0.22251996527492005 1.8064157758141315 1545218713.4771261
 
0.050217650482535174 0.22370710458164558 1.8093246579007884 1545218713.489386
 
0.05005270089381603 0.22438546989977448 1.8093246579007891 1545218713.500491
 
0.04976749357821991 0.2255734438658551 1.806415775814131 1545218713.5135238
 
0.04951711031903402 0.22659026781067135 1.812233539987446 1545218713.5253413
 
0.04922844853877553 0.22777740711739683 1.8093246579007882 1545218713.5374193
 
0.049019795822787295 0.22862476040474367 1.8122335399874454 1545218713.5496302
 
0.0487694125636014 0.22964158434955992 1.8122335399874454 1545218713.5624478
 
0.0484807507833429 0.23082872365628546 1.8093246579007884 1545218713.5740848
 
0.04818863698095936 0.23201501825857107 1.812233539987446 1545218713.5857677
 
0.04798244999506043 0.2328629749062322 1.8093246579007884 1545218713.5972962
 
0.04772910997840761 0.23387906621472498 1.815142422074103 1545218713.610456
 
0.04752045726241939 0.23472641950207176 1.8122335399874459 1545218713.6224725
 
0.047270074003233506 0.23574324344688796 1.8122335399874459 1545218713.6351874
 
0.047019690744047625 0.23676006739170416 1.8122335399874459 1545218713.6493268
 
0.046769307484861744 0.23777689133652036 1.812233539987446 1545218713.661856
 
0.04647374413210012 0.2389623311964286 1.815142422074103 1545218713.6738372
 
0.046260165273382926 0.2398084562584471 1.8180513041607602 1545218713.685979
 
0.04604904859283892 0.2406551990155244 1.8151424220741026 1545218713.6974628
 
0.04579570857618611 0.24167129032401713 1.8151424220741028 1545218713.7105043
 
0.04558212971746892 0.24251741538603563 1.8180513041607598 1545218713.7223272
 
0.04537101303692491 0.24336415814311294 1.815142422074103 1545218713.734928
 
0.0451176730202721 0.24438024945160566 1.815142422074103 1545218713.7463713
 
0.04490409416155491 0.24522637451362417 1.8180513041607604 1545218713.7597568
 
0.0446929774810109 0.24607311727070147 1.8151424220741026 1545218713.771406
 
0.044479398622293706 0.24691924233271997 1.8180513041607598 1545218713.7830746
 
0.0442682819417497 0.24776598508979727 1.815142422074103 1545218713.7948782
 
0.044054703083032505 0.24861211015181578 1.8180513041607604 1545218713.8063161
 
0.04379840845257189 0.24962746022623794 1.8180513041607598 1545218713.8196366
 
0.043587291772027865 0.2504742029833153 1.8151424220741028 1545218713.8312986
 
0.04337371291331067 0.25132032804533383 1.8180513041607598 1545218713.8434997
 
0.04320284982633691 0.2519972280949487 1.8180513041607602 1545218713.8553007
 
0.0429917331457929 0.252843970852026 1.8151424220741026 1545218713.8683562
 
0.042738393129140094 0.2538600621605187 1.8151424220741035 1545218713.8798757
 
0.0425248142704229 0.25470618722253724 1.8180513041607607 1545218713.8923223
 
0.04235395118344914 0.2553830872721521 1.8180513041607602 1545218713.9038894
 
0.04218308809647538 0.25605998732176694 1.8180513041607604 1545218713.916363
 
0.04192679346601476 0.2570753373961891 1.8180513041607598 1545218713.9291074
 
0.041755930379041 0.25775223744580394 1.8180513041607602 1545218713.940889
 
0.04153989114936714 0.25859773765320115 1.8209601862474174 1545218713.95244
 
0.041326312290649946 0.2594438627152197 1.8180513041607598 1545218713.9654467
 
0.041155449203676184 0.26012076276483453 1.8180513041607602 1545218713.9768848
 
0.040939409974002326 0.26096626297223174 1.8209601862474174 1545218713.9894009
 
0.04076657859026324 0.2616426631381495 1.820960186247417 1545218714.0011055
 
0.04059374720652415 0.26231906330406723 1.8209601862474172 1545218714.0137718
 
0.04037524943392881 0.26316393150256784 1.8238690683340746 1545218714.0255077
 
0.04015921020425497 0.264009431709965 1.8209601862474174 1545218714.037086
 
0.04002811154069775 0.2645163526290654 1.8238690683340748 1545218714.0499883
 
0.039812072311023905 0.2653618528364626 1.8209601862474174 1545218714.0628014
 
0.039593574538428565 0.2662067210349632 1.8238690683340748 1545218714.0804586
 
0.03933137721131415 0.2672205628731639 1.8238690683340746 1545218714.0963714
 
0.039069179884199744 0.2682344047113646 1.8238690683340746 1545218714.114373
 
0.03880698255708534 0.2692482465495653 1.8238690683340748 1545218714.1304116
 
0.038586028090406885 0.2700924755902418 1.8267779504207315 1545218714.1459005
 
0.0382801312087734 0.2712752910681427 1.8238690683340741 1545218714.164096
 
0.03805917674209495 0.2721195201088192 1.8267779504207315 1545218714.1758206
 
0.037882413168752155 0.2727949033413605 1.8267779504207315 1545218714.1873288
 
0.037705649595409375 0.2734702865739017 1.8267779504207318 1545218714.1996272
 
0.03748224030427367 0.274313869313235 1.8296868325073892 1545218714.211143
 
0.037392876587819396 0.2746513024089683 1.8296868325073892 1545218714.2239597
 
0.03716701436262405 0.2754942317089079 1.8325957145940461 1545218714.2356324
 
0.03698632458246779 0.2761685751488595 1.8325957145940466 1545218714.2484293
 
0.03680563480231152 0.27684291858881116 1.8325957145940461 1545218714.2600553
 
0.03662494502215526 0.27751726202876276 1.8325957145940466 1545218714.272831
 
0.03644425524199899 0.2781916054687144 1.832595714594046 1545218714.2848456
 
0.036307267293138004 0.2786969667055291 1.8355045966807035 1545218714.296129
 
0.036124616694656705 0.2793707816879487 1.8355045966807029 1545218714.308042
 
0.03594196609617539 0.28004459667036835 1.8355045966807033 1545218714.320936
 
0.03575931549769408 0.280718411652788 1.8355045966807029 1545218714.33248
 
0.03557666489921278 0.2813922266352076 1.8355045966807033 1545218714.3444095
 
0.035441147564095575 0.2818979842151713 1.832595714594046 1545218714.3563821
 
0.03530415961523459 0.28240334545198603 1.8355045966807035 1545218714.369769
 
0.035073397276119515 0.2832449464811637 1.8384134787673605 1545218714.3814082
 
0.034933471589612054 0.283749502206593 1.841322360854018 1545218714.3932388
 
0.034795014186143024 0.28425446282409955 1.8384134787673605 1545218714.4053063
 
0.03461040431485096 0.2849277436474417 1.838413478767361 1545218714.416843
 
0.0344257944435589 0.2856010244707839 1.8384134787673612 1545218714.4298217
 
0.03428586875705144 0.2861055801962132 1.841322360854018 1545218714.441416
 
0.03414741135358241 0.2866105408137197 1.8384134787673605 1545218714.454041
 
0.03400748566707495 0.287115096539149 1.841322360854018 1545218714.4658954
 
0.03382091808506502 0.287787837506388 1.8413223608540177 1545218714.479201
 
0.033634350503055084 0.288460578473627 1.841322360854018 1545218714.490407
 
0.03344778292104513 0.28913331944086607 1.841322360854018 1545218714.5021636
 
0.03330639013549294 0.2896374660048747 1.8442312429406749 1545218714.513946
 
0.03316646444898548 0.290142021730304 1.8413223608540172 1545218714.5269127
 
0.03302507166343328 0.2906461682943127 1.8442312429406749 1545218714.5392272
 
0.03283654794936366 0.2913183637129911 1.8442312429406746 1545218714.5504298
 
0.0326966222628562 0.29182291943842037 1.841322360854018 1545218714.5628138
 
0.03255522947730398 0.29232706600242914 1.8442312429406753 1545218714.5755587
 
0.032366705763234374 0.29299926142110744 1.8442312429406749 1545218714.5872867
 
0.03222384707504505 0.2935029945578146 1.8471401250273325 1545218714.599548
 
0.032082454289492836 0.29400714112182336 1.8442312429406749 1545218714.6109915
 
0.03194252860298536 0.2945116968472527 1.8413223608540181 1545218714.6237345
 
0.03180113581743317 0.29501584341126136 1.8442312429406749 1545218714.635497
 
0.03161261210336354 0.29568803882993977 1.8442312429406753 1545218714.647211
 
0.03146975341517422 0.2961917719666469 1.8471401250273325 1545218714.6599574
 
0.031328360629622 0.2966959185306557 1.8442312429406753 1545218714.6750188
 
0.0311398369155524 0.297368113949334 1.8442312429406749 1545218714.6862261
 
0.030996978227363064 0.2978718470860412 1.8471401250273323 1545218714.6988177
 
0.03085558544181086 0.2983759936500499 1.8442312429406749 1545218714.710262
 
0.030712726753621526 0.2988797267867571 1.8471401250273325 1545218714.7220268
 
0.030571333968069322 0.29938387335076583 1.8442312429406749 1545218714.7349095
 
0.030428475279879987 0.29988760648747304 1.8471401250273323 1545218714.7462204
 
0.030333236154420427 0.3002234285786112 1.8471401250273323 1545218714.7593617
 
0.03014275790350134 0.3008950727608874 1.847140125027332 1545218714.7709703
 
0.03000136511794912 0.30139921932489616 1.8442312429406753 1545218714.7838392
 
0.02985850642975979 0.30190295246160337 1.8471401250273316 1545218714.7955222
 
0.02976326730430023 0.3022387745527415 1.8471401250273323 1545218714.807082
 
0.02957278905338114 0.30291041873501773 1.8471401250273323 1545218714.8193903
 
0.02947754992792158 0.30324624082615587 1.8471401250273323 1545218714.832023
 
0.029333226545906654 0.3037495562731787 1.85004900711399 1545218714.8435738
 
0.029190367857717336 0.30425328940988583 1.8471401250273325 1545218714.8553715
 
0.02909512873225779 0.3045891115010239 1.8471401250273323 1545218714.869032
 
0.028950805350242834 0.30509242694804684 1.8500490071139897 1545218714.8814368
 
0.02880794666205353 0.30559616008475393 1.8471401250273323 1545218714.894347
 
0.02861746841113441 0.30626780426703026 1.8471401250273325 1545218714.905986
 
0.028522229285674865 0.30660362635816835 1.8471401250273325 1545218714.91949
 
0.028426990160215306 0.3069394484493065 1.847140125027332 1545218714.9318442
 
0.028282666778200367 0.30744276389632935 1.8500490071139897 1545218714.9435935
 
0.028136879923564995 0.3079456573948193 1.8529578892006466 1545218714.9554539
 
0.028041640798105436 0.30828147948595747 1.847140125027332 1545218714.9674077
 
0.02789731741609051 0.3087847949329803 1.850049007113989 1545218714.982969
 
0.02770488624007058 0.3094558821956775 1.8500490071139897 1545218714.9948244
 
0.027608670652060647 0.30979142582702596 1.850049007113989 1545218715.006277
 
0.027512455064050683 0.31012696945837454 1.8500490071139892 1545218715.0188704
 
0.02736666820941528 0.3106298629568646 1.8529578892006464 1545218715.031229
 
0.02722234482740034 0.3111331784038875 1.8500490071139892 1545218715.042995
 
0.027126129239390392 0.311468722035236 1.85004900711399 1545218715.0548692
 
0.027029913651380442 0.31180426566658453 1.8500490071139892 1545218715.0670898
 
0.026884126796745057 0.31230715916507457 1.8529578892006464 1545218715.0923615
 
0.02664358782672015 0.313146018243446 1.8500490071139892 1545218715.1043553
 
0.0265473722387102 0.31348156187479453 1.8500490071139892 1545218715.116123
 
0.026401585384074798 0.3139844553732846 1.8529578892006469 1545218715.1289625
 
0.026257262002059873 0.31448777082030743 1.8500490071139892 1545218715.1424928
 
0.026161046414049892 0.31482331445165607 1.85004900711399 1545218715.1542506
 
0.026064830826039942 0.3151588580830046 1.8500490071139897 1545218715.1659973
 
0.025968615238029992 0.3154944017143531 1.8500490071139897 1545218715.1790771
 
0.02582282838339462 0.3159972952128431 1.8529578892006464 1545218715.1915925
 
0.025678505001379665 0.316500610659866 1.8500490071139897 1545218715.205697
 
0.0255822894133697 0.3168361542912146 1.8500490071139897 1545218715.2172258
 
0.025436502558734315 0.3173390477897046 1.8529578892006466 1545218715.2295227
 
0.02538839476472934 0.3175068196053789 1.8500490071139897 1545218715.2420783
 
0.025242607910093955 0.31800971310386894 1.8529578892006466 1545218715.2536788
 
0.02514541667367035 0.31834497543619567 1.8529578892006466 1545218715.265433
 
0.025048225437246743 0.3186802377685224 1.8529578892006473 1545218715.277395
 
0.024951034200823168 0.319015500100849 1.8529578892006466 1545218715.2903423
 
0.02485384296439956 0.3193507624331757 1.8529578892006469 1545218715.30245
 
0.024709519582384654 0.3198540778801985 1.850049007113989 1545218715.3140728
 
0.024613303994374672 0.3201896215115471 1.8500490071139892 1545218715.3257544
 
0.02451708840636471 0.3205251651428957 1.8500490071139897 1545218715.339205
 
0.024420872818354776 0.32086070877424416 1.850049007113989 1545218715.3503575
 
0.024324657230344812 0.32119625240559274 1.8500490071139892 1545218715.3622499
 
0.02422844164233485 0.3215317960369413 1.85004900711399 1545218715.374355
 
0.024082654787699463 0.32203468953543135 1.8529578892006464 1545218715.3870308
 
0.023985463551275857 0.3223699518677581 1.8529578892006469 1545218715.3992772
 
0.023888272314852268 0.32270521420008474 1.8529578892006469 1545218715.4104295
 
0.02384016452084728 0.3228729860157591 1.8500490071139892 1545218715.422522
 
0.023694377666211894 0.3233758795142491 1.8529578892006464 1545218715.4354558
 
0.023597186429788305 0.3237111418465758 1.8529578892006469 1545218715.4498286
 
0.023499995193364716 0.32404640417890246 1.8529578892006469 1545218715.461415
 
0.023402803956941096 0.32438166651122924 1.8529578892006464 1545218715.4730418
 
0.023305612720517507 0.3247169288435559 1.8529578892006469 1545218715.4862802
 
0.023208421484093918 0.3250521911758826 1.8529578892006469 1545218715.4989045
 
0.02311123024767033 0.32538745350820925 1.8529578892006466 1545218715.510171
 
0.023014039011246722 0.32572271584053597 1.8529578892006469 1545218715.5218816
 
0.022916847774823133 0.32605797817286264 1.8529578892006469 1545218715.5334637
 
0.022819656538399544 0.3263932405051893 1.8529578892006466 1545218715.5462077
 
0.022722465301975938 0.32672850283751603 1.8529578892006469 1545218715.559108
 
0.02267435750797095 0.3268962746531904 1.8500490071139897 1545218715.5702605
 
0.022528570653335578 0.32739916815168035 1.8529578892006466 1545218715.5824513
 
0.022528570653335578 0.32739916815168035 1.8529578892006466 1545218715.5954351
 
0.02238424727132062 0.3279024835987033 1.8500490071139897 1545218715.6071856
 
0.022335651653108843 0.3280701147648666 1.852957889200646 1545218715.6193984
 
0.022238460416685254 0.32840537709719325 1.8529578892006466 1545218715.630797
 
0.022141269180261634 0.32874063942952003 1.8529578892006473 1545218715.64342
 
0.022044077943838076 0.3290759017618466 1.8529578892006466 1545218715.6551766
 
0.021946886707414456 0.32941116409417337 1.8529578892006466 1545218715.6665218
 
0.021946886707414456 0.32941116409417337 1.8529578892006466 1545218715.6791158
 
0.02179963761374706 0.3299136313888525 1.8558667712873036 1545218715.692304
 
0.021751041995535264 0.33008126255501585 1.8529578892006466 1545218715.7053297
 
0.021653850759111658 0.3304165248873426 1.8529578892006466 1545218715.7169037
 
0.02155665952268807 0.33075178721966925 1.852957889200646 1545218715.7293663
 
0.021507576491465587 0.3309192763178957 1.8558667712873036 1545218715.7418609
 
0.021361789636830202 0.3314221698163857 1.8529578892006469 1545218715.753478
 
0.021361789636830202 0.3314221698163857 1.8529578892006469 1545218715.76527
 
0.021264598400406613 0.3317574321487124 1.852957889200646 1545218715.776386
 
0.021167407163983007 0.3320926944810391 1.8529578892006464 1545218715.789621
 
0.021118324132760526 0.33226018357926557 1.855866771287304 1545218715.8021197
 
0.021020158070315608 0.33259516177571824 1.855866771287304 1545218715.8139176
 
0.020971562452103812 0.3327627929418816 1.8529578892006469 1545218715.8256297
 
0.02087437121568019 0.3330980552742084 1.8529578892006464 1545218715.8371851
 
0.020777179979256603 0.33343331760653505 1.8529578892006469 1545218715.850305
 
0.020777179979256603 0.33343331760653505 1.8529578892006469 1545218715.8620498
 
0.020679988742833014 0.3337685799388617 1.8529578892006469 1545218715.8735826
 
0.020582797506409407 0.33410384227118844 1.8529578892006464 1545218715.8861163
 
0.020485606269985832 0.33443910460351506 1.8529578892006464 1545218715.8995075
 
0.020436523238763365 0.33460659370174145 1.855866771287304 1545218715.911302
 
0.020387927620551555 0.33477422486790487 1.8529578892006469 1545218715.9228761
 
0.020290736384127966 0.33510948720023154 1.8529578892006469 1545218715.9345396
 
0.020193545147704377 0.3354447495325582 1.8529578892006464 1545218715.9473214
 
0.020193545147704377 0.3354447495325582 1.8529578892006464 1545218715.9595315
 
0.02009635391128077 0.33578001186488493 1.8529578892006469 1545218715.971262
 
0.01999916267485718 0.3361152741972116 1.8529578892006466 1545218715.9825232
 
0.019951054880852193 0.33628304601288594 1.8500490071139897 1545218715.9959197
 
0.019854839292842243 0.33661858964423447 1.8500490071139892 1545218716.0074158
 
0.019806243674630433 0.3367862208103979 1.8529578892006469 1545218716.0196815
 
0.019758135880625458 0.3369539926260722 1.8500490071139897 1545218716.031416
 
0.019709540262413647 0.3371216237922356 1.8529578892006473 1545218716.0430708
 
0.019612349025990072 0.3374568861245622 1.8529578892006466 1545218716.0556302
 
0.019612349025990072 0.3374568861245622 1.8529578892006466 1545218716.0671744
 
0.019515157789566466 0.33779214845688893 1.8529578892006469 1545218716.0838037
 
0.019417966553142877 0.3381274107892156 1.852957889200646 1545218716.097039
 
0.019320775316719288 0.33846267312154227 1.8529578892006466 1545218716.1095011
 
0.0192726675227143 0.3386304449372166 1.8500490071139897 1545218716.1208704
 
0.019224071904502503 0.33879807610338 1.8529578892006473 1545218716.1324346
 
0.019175964110497514 0.3389658479190543 1.8500490071139897 1545218716.1444206
 
0.01907974852248758 0.3393013915504028 1.850049007113989 1545218716.1597507
 
0.019031152904275785 0.33946902271656615 1.8529578892006466 1545218716.1759553
 
0.01893396166785218 0.3398042850488929 1.8529578892006473 1545218716.1924589
 
0.018836770431428604 0.3401395473812195 1.8529578892006466 1545218716.2102482
 
0.018788662637423615 0.34030731919689383 1.850049007113989 1545218716.2265193
 
0.0186428757827882 0.340810212695384 1.8529578892006473 1545218716.243412
 
0.0186428757827882 0.340810212695384 1.8529578892006473 1545218716.2603762
 
0.01854568454636464 0.34114547502771053 1.8529578892006464 1545218716.2750523
 
0.01844849330994102 0.3414807373600373 1.8529578892006466 1545218716.2869475
 
0.01844849330994102 0.3414807373600373 1.8529578892006466 1545218716.3003485
 
0.01835130207351743 0.341815999692364 1.8529578892006466 1545218716.3120682
 
0.018303194279512457 0.34198377150803827 1.8500490071139892 1545218716.3239567
 
0.01825459866130066 0.34215140267420163 1.8529578892006464 1545218716.3357806
 
0.018206490867295685 0.3423191744898759 1.8500490071139892 1545218716.3473136
 
0.018110275279285704 0.34265471812122456 1.8500490071139892 1545218716.3603072
 
0.018061679661073908 0.3428223492873879 1.8529578892006464 1545218716.3720756
 
0.018061679661073908 0.3428223492873879 1.8529578892006464 1545218716.3838816
 
0.017964488424650333 0.34315761161971453 1.8529578892006464 1545218716.3955693
 
0.017916380630645344 0.3433253834353889 1.8500490071139892 1545218716.4094439
 
0.017867785012433548 0.34349301460155224 1.8529578892006469 1545218716.42084
 
0.01781967721842856 0.3436607864172266 1.85004900711399 1545218716.4323335
 
0.01777108160021678 0.3438284175833899 1.8529578892006469 1545218716.4449017
 
0.01772297380621179 0.34399618939906423 1.8500490071139892 1545218716.457355
 
0.017674378188000012 0.34416382056522754 1.8529578892006464 1545218716.4696815
 
0.017626270393995024 0.3443315923809019 1.8500490071139892 1545218716.48121
 
0.017577674775783213 0.3444992235470653 1.8529578892006469 1545218716.4939408
 
0.017480483539359624 0.34483448587939197 1.8529578892006469 1545218716.5068538
 
0.017480483539359624 0.34483448587939197 1.8529578892006469 1545218716.5192459
 
0.017383292302936035 0.34516974821171864 1.8529578892006464 1545218716.530424
 
0.017383292302936035 0.34516974821171864 1.8529578892006464 1545218716.5423074
 
0.01728610106651243 0.34550501054404537 1.8529578892006469 1545218716.5549955
 
0.01728610106651243 0.34550501054404537 1.8529578892006469 1545218716.5664608
 
0.01718890983008884 0.34584027287637203 1.8529578892006469 1545218716.579119
 
0.01713982679886636 0.3460077619745985 1.8558667712873045 1545218716.5902753
 
0.017091231180654563 0.34617539314076184 1.8529578892006473 1545218716.6039145
 
0.017091231180654563 0.34617539314076184 1.8529578892006473 1545218716.6155663
 
0.016994039944230974 0.3465106554730885 1.8529578892006464 1545218716.6273146
 
0.016994039944230974 0.3465106554730885 1.8529578892006464 1545218716.639529
 
0.016896848707807385 0.3468459178054152 1.8529578892006469 1545218716.6509826
 
0.016896848707807385 0.3468459178054152 1.8529578892006469 1545218716.6640167
 
0.016847765676584903 0.34701340690364163 1.8558667712873045 1545218716.675717
 
0.016799170058373107 0.347181038069805 1.8529578892006473 1545218716.687445
 
0.016701978821949532 0.3475163004021316 1.8529578892006466 1545218716.6996675
 
0.016701978821949532 0.3475163004021316 1.8529578892006466 1545218716.712893
 
0.01665289579072705 0.34768378950035805 1.8558667712873043 1545218716.7249181
 
0.016554729728282102 0.34801876769681084 1.8558667712873043 1545218716.7479339
 
0.016554729728282102 0.34801876769681084 1.8558667712873043 1545218716.7608163
 
0.016506134110070292 0.34818639886297426 1.8529578892006473 1545218716.772289
 
0.016457051078847842 0.3483538879612006 1.8558667712873036 1545218716.783887
 
0.016457051078847842 0.3483538879612006 1.8558667712873036 1545218716.795529
 
0.01635888501640291 0.3486888661576533 1.8558667712873043 1545218716.809574
 
0.01635888501640291 0.3486888661576533 1.8558667712873043 1545218716.821143
 
0.0163102893981911 0.34885649732381674 1.8529578892006466 1545218716.8324971
 
0.0163102893981911 0.34885649732381674 1.8529578892006466 1545218716.8442144
 
0.016261206366968633 0.34902398642204313 1.8558667712873043 1545218716.8559706
 
0.016212610748756823 0.34919161758820655 1.8529578892006473 1545218716.8693964
 
0.016163527717534373 0.3493591066864329 1.8558667712873036 1545218716.8805213
 
0.016163527717534373 0.3493591066864329 1.8558667712873036 1545218716.8931925
 
0.016114932099322576 0.34952673785259625 1.8529578892006466 1545218716.9050102
 
0.01606584906810011 0.34969422695082264 1.8558667712873043 1545218716.9188836
 
0.01606584906810011 0.34969422695082264 1.8558667712873043 1545218716.9302387
 
0.015967683005655178 0.35002920514727537 1.8558667712873036 1545218716.941903
 
