0.0 0.0 0.0 1545214739.933078
 
0.00017453218678649057 5.076949836589188e-07 0.0029088820866572163 1545214739.949125
 
0.001047182044556048 5.5846233407165935e-06 0.005817764173314433 1545214739.9638891
 
0.002268866001199129 1.624609771243185e-05 0.00872664625997165 1545214739.9764018
 
0.003490513776220348 3.046125654296707e-05 0.011635528346628862 1545214739.990985
 
0.00593360257807413 7.310553020472614e-05 0.017453292519943295 1545214740.0087864
 
0.008376401942260584 0.00012996231651695475 0.023271056693257734 1545214740.0202208
 
0.010121465372156144 0.00016042251198963983 0.017453292519943295 1545214740.0367992
 
0.013087508363281555 0.00023809108112608643 0.026179938779914945 1545214740.0533164
 
0.01605331287729771 0.0003243871788203325 0.029088820866572166 1545214740.0668128
 
0.018844138548611687 0.00042184495877993993 0.03490658503988659 1545214740.0803704
 
0.02128557357487957 0.000521325812876741 0.04072434921320105 1545214740.093205
 
0.02372700860114745 0.0006208066669735418 0.04072434921320105 1545214740.105343
 
0.026516511408726337 0.0007507298483125752 0.04654211338651545 1545214740.1188676
 
0.02860803621542151 0.0008603420187468613 0.05235987755982989 1545214740.130271
 
0.03122282972331263 0.0009897516640265795 0.04945099547317267 1545214740.1416907
 
0.03348791908378868 0.001121678096001136 0.05817764173314433 1545214740.153954
 
0.03592724608737828 0.0012637527150506586 0.05817764173314433 1545214740.1667771
 
0.03853938283982678 0.0014387770896638768 0.06690428799311592 1545214740.179049
 
0.04132566204243852 0.0016254697559179763 0.066904287993116 1545214740.1904035
 
0.04393727861892313 0.0018080917771303704 0.06981317007977318 1545214740.2028005
 
0.046199212298623143 0.0019861098184468513 0.07853981633974484 1545214740.215305
 
0.04898313067363854 0.002205208946220981 0.07853981633974484 1545214740.2270532
 
0.0515924456088257 0.002418205458422936 0.0814486984264021 1545214740.23913
 
0.05419980246767075 0.0026539641397787116 0.09017534468637371 1545214740.2504845
 
0.056632014210938615 0.002888159493552851 0.09599310885968816 1545214740.2637966
 
0.059237214433121965 0.0031466623901260857 0.09890199094634541 1545214740.2759905
 
0.06166728985115108 0.0034020736085759546 0.10471975511965971 1545214740.2872756
 
0.06444277371362324 0.0037101243766261885 0.11053751929297415 1545214740.2992656
 
0.06686971285758099 0.003993792879187031 0.11635528346628866 1545214740.3132133
 
0.0699878885559262 0.004376656713126455 0.1221730476396031 1545214740.324587
 
0.07223740558970992 0.004672811248989473 0.13089969389957473 1545214740.3359373
 
0.07448605162883998 0.004975508102458526 0.133808575986232 1545214740.3483746
 
0.07742302252781039 0.005396988078776239 0.14253522224620355 1545214740.3631656
 
0.08035875496723648 0.005827009561887508 0.14544410433286087 1545214740.3749437
 
0.08294569737134792 0.006229030634732127 0.1541707505928325 1545214740.3865979
 
0.0851845882681084 0.006597000669923111 0.1628973968528042 1545214740.3981652
 
0.08759570154154275 0.0069932760924364765 0.16289739685280405 1545214740.4104395
 
0.09051917132864873 0.007499998734238112 0.1716240431127756 1545214740.423718
 
0.09292426619409178 0.00793129922813891 0.1774418072860901 1545214740.4348757
 
0.09532417995797542 0.008390554444485299 0.18907733563271897 1545214740.4465306
 
0.09772138128430492 0.008863763942343755 0.1948950998060335 1545214740.457931
 
0.09994606634019414 0.009309645985600272 0.19780398189269052 1545214740.4707966
 
0.10302275564289487 0.009944931225265368 0.20362174606600505 1545214740.483252
 
0.10541282111135515 0.010452955323407537 0.20943951023931973 1545214740.4948072
 
0.10779681379609735 0.010988754079392643 0.22107503858594846 1545214740.506563
 
0.11034941096611915 0.011570251828999279 0.22398392067260564 1545214740.519997
 
0.11289683648030815 0.012174002766770666 0.2327105669325772 1545214740.5313103
 
0.11527111509375931 0.012751326327287671 0.23852833110589183 1545214740.5439355
 
0.11764199481357572 0.013342453032810897 0.2443460952792062 1545214740.5551748
 
0.12017659940907749 0.013997946350596905 0.2530727415391779 1545214740.567902
 
0.12270928653110708 0.014660809750632307 0.25598162362583493 1545214740.5801387
 
0.12489918522397084 0.015254424195696567 0.2647082698858068 1545214740.591242
 
0.12741991804401456 0.015961388123457626 0.2734349161457785 1545214740.6039917
 
0.1299385837275505 0.016675681564404254 0.27634379823243554 1545214740.6170852
 
0.1327858983973989 0.017510093095186224 0.2850704444924071 1545214740.628797
 
0.1347887783946832 0.018122434961635875 0.2967059728390361 1545214740.6402526
 
0.1372945943337892 0.018880576389420402 0.2937970907523789 1545214740.6517215
 
0.13945651562991423 0.01956914788444201 0.30834150118566483 1545214740.6645532
 
0.14211236644301786 0.020432086123875558 0.31415926535897937 1545214740.6773207
 
0.14443180377731368 0.021200663953437532 0.31997702953229357 1545214740.6890914
 
0.14674673048010373 0.021982722639553226 0.3257947937056081 1545214740.7004368
 
0.14921960251001984 0.0228422549943018 0.3345214399655799 1545214740.7141747
 
0.15202501259812554 0.023808235154237987 0.33161255787892246 1545214740.7310505
 
0.15481017302185643 0.024831135367318 0.3519747324855232 1545214740.743882
 
0.15709889494185117 0.025686853428805077 0.35779249665883767 1545214740.755303
 
0.15954300278303352 0.02662505852678303 0.3665191429188092 1545214740.7669165
 
0.16165405328039253 0.027456623432244878 0.37524578917878093 1545214740.7803335
 
0.1642462710656564 0.028495186333710856 0.38106355335209546 1545214740.7917979
 
0.16650373462843154 0.02943025835797541 0.3926990816987243 1545214740.8045967
 
0.16891361069943145 0.030453190060301016 0.4014257279586956 1545214740.8167243
 
0.17115723590281814 0.03142099550280872 0.4072434921320104 1545214740.8292153
 
0.17339519270494794 0.03240183737570183 0.4130612563053245 1545214740.840826
 
0.17546526835282023 0.03333071907241109 0.42178790256529664 1545214740.8531878
 
0.17784437324509086 0.034423308591294915 0.43051454882526774 1545214740.8663204
 
0.18021385302711554 0.035536617851014515 0.43924119508523957 1545214740.8790956
 
0.18288815048406426 0.03682175463112538 0.4479678413452113 1545214740.8917968
 
0.18491869213995876 0.037834145355140736 0.4625122517784973 1545214740.9042463
 
0.18694628028396018 0.03885243839385817 0.46542113386515466 1545214740.9165323
 
0.1892684692149329 0.04006129343647855 0.4799655442984404 1545214740.9289515
 
0.19127181375526597 0.04112649062344117 0.4886921905584121 1545214740.942275
 
0.19387931661886557 0.04254224916505611 0.49741883681838384 1545214740.9544413
 
0.19586376578587905 0.04364224730047959 0.5061454830783558 1545214740.9663112
 
0.19799393695999978 0.04483927369816864 0.5119632472516702 1545214740.9797313
 
0.20026498428540448 0.04614166994776897 0.5206898935116416 1545214740.9916627
 
0.20251684948875415 0.04747695832529044 0.535234303944928 1545214741.0048811
 
0.20475697650655 0.04883184684075664 0.5439609502048993 1545214741.0172846
 
0.20668809897939372 0.050022980917707474 0.5526875964648713 1545214741.0300286
 
0.20876027138844158 0.0513178179479936 0.5585053606381855 1545214741.0416632
 
0.21096004416928604 0.05273728674224611 0.573049771071472 1545214741.0538974
 
0.21257017607181006 0.05378291862579477 0.5759586531581286 1545214741.0659137
 
0.21475328404892585 0.05522788627437885 0.5846852994181005 1545214741.0785701
 
0.2167750218234047 0.05660013909331005 0.5963208277647295 1545214741.090561
 
0.21892825658764997 0.058089256951388016 0.6050474740247009 1545214741.103031
 
0.22063686676796782 0.05930051336381383 0.6166830023713297 1545214741.1148643
 
0.2224763397383646 0.06062881061427213 0.6254096486313017 1545214741.1272936
 
0.2244489549920875 0.062070785124656844 0.6312274128046157 1545214741.139275
 
0.22641314784263966 0.0635242113779147 0.6370451769779301 1545214741.1506133
 
0.2282172197031286 0.06490020524294005 0.6515895874112168 1545214741.1628704
 
0.23000921521078038 0.06629189001146746 0.6603162336711879 1545214741.1751168
 
0.23193030461591874 0.06780182938948388 0.6661339978445026 1545214741.1873157
 
0.2337018700668223 0.06921942956145062 0.6748606441044739 1545214741.2000854
 
0.23586181022103872 0.07098941952660398 0.686496172451103 1545214741.2149215
 
0.23787219649921157 0.0726663926801563 0.6952228187110749 1545214741.227175
 
0.23960178198720491 0.07413491861936136 0.7039494649710466 1545214741.2398076
 
0.2413184864741439 0.07561848193075695 0.7126761112310177 1545214741.254051
 
0.24328428580359546 0.07734750620517544 0.7214027574909895 1545214741.2652805
 
0.2449748370782401 0.07886080418713168 0.7301294037509615 1545214741.2782416
 
0.24665211813331323 0.08038879720304777 0.7388560500109328 1545214741.2902198
 
0.248571983253377 0.08216868761146147 0.7475826962709046 1545214741.3013687
 
0.2502132553669827 0.08373529548948831 0.7621271067041909 1545214741.3156326
 
0.25197093408089943 0.08543266609323505 0.7679448708775053 1545214741.328254
 
0.2537187082031868 0.08714023367470355 0.7737626350508199 1545214741.3397894
 
0.2552082599531849 0.08861255375845103 0.779580399224134 1545214741.3507798
 
0.25680796063038713 0.09022158829436194 0.7883070454841054 1545214741.3630393
 
0.2582672260264743 0.09172393158026945 0.7999425738307341 1545214741.3743308
 
0.2597264914225614 0.09322627486617692 0.7999425738307347 1545214741.386776
 
0.26128352430842283 0.09487663330807414 0.8144869842640202 1545214741.3990078
 
0.26294996067110377 0.09666366752066052 0.8203047484373348 1545214741.4110901
 
0.26424700075798757 0.09807913839370443 0.8290313946973066 1545214741.423299
 
0.2657749937739036 0.09975641944877749 0.8319402767839639 1545214741.4352245
 
0.2671673389789367 0.10132098509934954 0.8435758051305933 1545214741.4469461
 
0.26855055839847153 0.10289362456291086 0.8493935693039073 1545214741.4584231
 
0.2699246052156701 0.10447428461145865 0.8552113334772217 1545214741.4698942
 
0.2710619616394057 0.10579814055651247 0.8610290976505357 1545214741.482956
 
0.2726325880646134 0.10766994024137709 0.8726646259971651 1545214741.4942572
 
0.27408596479769204 0.10941227501579355 0.8755735080838224 1545214741.5079348
 
0.27541816390698076 0.11102836176412696 0.8813912722571359 1545214741.520373
 
0.2769614009470172 0.11292280650232311 0.8872090364304511 1545214741.5339055
 
0.27816090878483524 0.11442182342231845 0.8959356826904231 1545214741.5449922
 
0.27945992696007793 0.1160646997491665 0.9017534468637366 1545214741.5567334
 
0.2806375063796011 0.11758100364025646 0.9104800931237083 1545214741.568655
 
0.2818106700740214 0.11910072655102454 0.9133889752103657 1545214741.581375
 
0.28318141029258226 0.12090879337711676 0.9221156214703377 1545214741.5938237
 
0.28433681219319884 0.1224420634862204 0.925024503556995 1545214741.6062777
 
0.28537905055137747 0.12384203255823892 0.9308422677303096 1545214741.6177819
 
0.2866199418428946 0.125529243169741 0.9366600319036233 1545214741.6291754
 
0.28775292181533974 0.12707915515480905 0.9395689139902804 1545214741.6415956
 
0.2888723332854221 0.12863889511392634 0.9482955602502527 1545214741.6537538
 
0.2898817136291103 0.13006273693085785 0.9541133244235673 1545214741.6649964
 
0.29098747134931247 0.13163218608378777 0.9570222065102241 1545214741.6767528
 
0.2919843880527306 0.13306478207858644 0.9628399706835388 1545214741.689098
 
0.29307640781532107 0.1346438209056996 0.9657488527701958 1545214741.7008693
 
0.2940607849594024 0.13608506198063375 0.9715666169435102 1545214741.7151814
 
0.2955436330201278 0.1382426192971386 0.9686577348568531 1545214741.7401683
 
0.2971884532074101 0.1407120342042258 0.9832021452901389 1545214741.751723
 
0.2982387643443484 0.1423191176790469 0.9919287915501103 1545214741.764113
 
0.2991935926506558 0.14378010265615687 0.9919287915501109 1545214741.7751586
 
0.30004910964628656 0.14509748330367656 0.9948376736367682 1545214741.7900066
 
0.3011795607808137 0.1468605973321429 1.0006554378100827 1545214741.8012488
 
0.30211303968079367 0.14833531470884914 1.0064732019833964 1545214741.814529
 
0.3030379232738552 0.14981543785816906 1.012290966156711 1545214741.8258357
 
0.3037778301483044 0.15099953637762495 1.012290966156711 1545214741.8399665
 
0.30479046174897295 0.1526306243644445 1.015199848243369 1545214741.8510146
 
0.3057023937780967 0.1541187621847169 1.021017612416683 1545214741.863616
 
0.30651923320172203 0.1554604679856598 1.0239264945033404 1545214741.874633
 
0.3072383620161471 0.1566572993166745 1.0297442586766545 1545214741.886928
 
0.3082223729776371 0.15830581173915936 1.0326531407633115 1545214741.8990633
 
0.30902354600414994 0.15965693086116914 1.0355620228499685 1545214741.9132051
 
0.30990498935978034 0.16116332782368675 1.0413797870232837 1545214741.9270344
 
0.31086975283139145 0.16282317788416323 1.0442886691099404 1545214741.9433181
 
0.31191166983107177 0.16464001574448703 1.0501064332832546 1545214741.9582021
 
0.31277111107489153 0.16615907300025076 1.0559241974565692 1545214741.9732168
 
0.313711631815933 0.16783277892277432 1.0588330795432266 1545214741.989231
 
0.31472701471016995 0.16966457815386357 1.0646508437165412 1545214742.0047357
 
0.315731723505115 0.17150225361005503 1.0704686078898553 1545214742.0182066
 
0.31640152936841176 0.17272737058084936 1.0704686078898553 1545214742.029733
 
0.31706419649507406 0.1739563635693876 1.07628637206317 1545214742.0427139
 
0.3178056719940314 0.17534114340196683 1.079195254149827 1545214742.0545797
 
0.31845758903741833 0.1765758723824223 1.0850130183231417 1545214742.0659487
 
0.3191095060808053 0.17781060136287785 1.0850130183231417 1545214742.0771883
 
0.3196767883639532 0.1788926439536205 1.0879219004097993 1545214742.0899045
 
0.32040210138952546 0.18028595731220426 1.0908307824964563 1545214742.1013036
 
0.32103960790346603 0.18152818793947043 1.096648546669771 1545214742.1152632
 
0.3217527345128567 0.18292777771481578 1.099557428756428 1545214742.1297548
 
0.3224617868692706 0.18432943596707854 1.1024663108430846 1545214742.1428068
 
0.323166758972998 0.1857331508360026 1.1053751929297422 1545214742.1542137
 
0.32371189243977555 0.18682651941994582 1.1082840750163998 1545214742.1652985
 
0.32425384312440275 0.18792146910481128 1.111192957103056 1545214742.1791406
 
0.3249465388173194 0.18933128248866293 1.1141018391897144 1545214742.1913195
 
0.32540286018718667 0.19027382878388374 1.1199196033630279 1545214742.2036846
 
0.32601128868034307 0.19153055717751152 1.1199196033630285 1545214742.2164342
 
0.3265340473163274 0.1926347984398536 1.1286462496229996 1545214742.2284753
 
0.3271314857574523 0.1938967884539588 1.1286462496229996 1545214742.2417686
 
0.32772157216916675 0.19516223284757903 1.1344640137963142 1545214742.253875
 
0.32816413697795255 0.1961113161427942 1.1344640137963142 1545214742.264939
 
0.32867723950831523 0.19722007723080656 1.1373728958829719 1545214742.2766974
 
0.3291871146171277 0.1983303261805329 1.1402817779696295 1545214742.2903266
 
0.32976982902719904 0.19959918212307717 1.1402817779696284 1545214742.3033404
 
0.33020132104148203 0.20055335053213416 1.146099542142943 1545214742.3163576
 
0.3307766437271926 0.20182557507754334 1.146099542142943 1545214742.3283858
 
0.33127031756040476 0.2029431221697754 1.1548261884029147 1545214742.3457026
 
0.33197556589356503 0.20453961801582132 1.1548261884029152 1545214742.357035
 
0.33246598683001155 0.2056585964168862 1.1577350704895724 1545214742.3691413
 
0.3329531507199521 0.20677899665844854 1.16064395257623 1545214742.3810678
 
0.3333707197684725 0.2077393397226448 1.16064395257623 1545214742.3971977
 
0.3342058578655133 0.20966002585103727 1.1606439525762293 1545214742.418616
 
0.33496627642748367 0.21142287422512684 1.1635528346628863 1545214742.4357045
 
0.3355842388734595 0.2128670084002075 1.1664617167495435 1545214742.451693
 
0.3363343887884983 0.2146342508522741 1.1693705988362004 1545214742.4669373
 
0.336879952363072 0.21591951809014082 1.169370598836201 1545214742.4811137
 
0.33742551593764564 0.21720478532800738 1.1693705988362004 1545214742.4967475
 
0.33797107951221933 0.21849005256587403 1.169370598836201 1545214742.50888
 
0.3384451742704491 0.2196160452466557 1.172279480922858 1545214742.5207713
 
0.33898699685128314 0.22090289402469188 1.172279480922858 1545214742.5345066
 
0.33945781422839577 0.22203026102543466 1.175188363009515 1545214742.5483978
 
0.33993190898662556 0.22315625370621636 1.1722794809228574 1545214742.5638487
 
0.3404737315674596 0.22444310248425253 1.172279480922858 1545214742.5789077
 
0.34101555414829365 0.22572995126228876 1.1722794809228587 1545214742.5952
 
0.34155737672912767 0.22701680004032493 1.172279480922858 1545214742.608641
 
0.3420281941062403 0.2281441670410677 1.1751883630095157 1545214742.6200714
 
0.3424317518580511 0.2291104816131329 1.1751883630095157 1545214742.6327193
 
0.34283530960986186 0.23007679618519805 1.175188363009515 1545214742.6444314
 
0.34323886736167264 0.23104311075726325 1.175188363009515 1545214742.6567879
 
0.3437064033738049 0.23217184253865084 1.1780972450961726 1545214742.668296
 
0.3440427015003139 0.2329771046820385 1.175188363009515 1545214742.6797113
 
0.3443766557946941 0.2337833416687439 1.1780972450961726 1545214742.691602
 
0.34477740094795034 0.23475082605279038 1.1780972450961726 1545214742.709276
 
0.34531172781895864 0.23604080523151905 1.1780972450961733 1545214742.7303817
 
0.3460412646191869 0.23781665624906861 1.1810061271828292 1545214742.7422764
 
0.3463705227918139 0.23862482244808034 1.1839150092694868 1545214742.766518
 
0.34723270264662914 0.24072355546882077 1.1810061271828298 1545214742.7918446
 
0.3479570706264086 0.24250152110664655 1.1839150092694868 1545214742.8186076
 
0.34874729024071355 0.24444111998427473 1.1839150092694875 1545214742.8516328
 
0.3497280080089316 0.24686848163930308 1.1868238913561444 1545214742.880461
 
0.35051258222350606 0.24881037096332578 1.1868238913561444 1545214742.9018176
 
0.3510967738555807 0.2502684934675367 1.1897327734428014 1545214742.914581
 
0.35142367977832006 0.2510776140192129 1.1868238913561444 1545214742.9259303
 
0.35168520451651153 0.2517249104605538 1.1868238913561437 1545214742.941062
 
0.35220825399289457 0.2530195033432357 1.1868238913561444 1545214742.9657867
 
0.3527313034692775 0.25431409622591744 1.1868238913561437 1545214742.980236
 
0.35318567473866885 0.25544819150697035 1.1897327734428014 1545214742.9960337
 
0.3535751358267186 0.25642027317644434 1.1897327734428014 1545214743.0109384
 
0.3538973289711791 0.25723128188609506 1.1926416555294586 1545214743.0232422
 
0.35415508348674746 0.25788008885381564 1.1926416555294586 1545214743.0356526
 
0.35454171526010003 0.25885329930539663 1.1926416555294586 1545214743.046918
 
0.3547994697756684 0.25950210627311726 1.192641655529459 1545214743.060144
 
0.35511930243161527 0.2603140487721015 1.1955505376161162 1545214743.0713658
 
0.35537516855637274 0.2609636027712888 1.1955505376161155 1545214743.084188
 
0.35569736170083327 0.26177461148093967 1.192641655529459 1545214743.1052542
 
0.3561451274191588 0.2629113309795175 1.1955505376161155 1545214743.1178148
 
0.3564625968802996 0.26372420039751143 1.1984594197027725 1545214743.1292684
 
0.3567165724492122 0.26437449593190654 1.1984594197027725 1545214743.1410291
 
0.35697054801812483 0.2650247914663018 1.1984594197027731 1545214743.1551414
 
0.35735151137149374 0.26600023476789453 1.1984594197027731 1545214743.166774
 
0.35760548694040634 0.26665053030228963 1.1984594197027731 1545214743.1791596
 
0.35785946250931894 0.26730082583668474 1.1984594197027725 1545214743.1904182
 
0.35811343807823154 0.2679511213710799 1.1984594197027731 1545214743.2022982
 
0.3584285416582701 0.2687649108299166 1.20136830178943 1545214743.2150846
 
0.35868062452230093 0.2694159423969859 1.2013683017894308 1545214743.2267954
 
0.35893270738633176 0.27006697396405527 1.2013683017894308 1545214743.2398715
 
0.3591847902503626 0.2707180055311246 1.2013683017894308 1545214743.259686
 
0.3596226192960857 0.27185858919034317 1.2042771838760877 1545214743.2706902
 
0.3598728073222131 0.2725103512813251 1.2042771838760877 1545214743.283609
 
0.36005902562563996 0.27299971660628874 1.2071860659627442 1545214743.2947233
 
0.3603073166968758 0.2736522037062405 1.207186065962745 1545214743.307317
 
0.3606153067161348 0.27446871194104494 1.2100949480494012 1545214743.3197982
 
0.36080152501956164 0.2749580772660087 1.2071860659627442 1545214743.3308349
 
0.3611095150388206 0.2757745855008132 1.2100949480494019 1545214743.344202
 
0.3613559070542278 0.2764277920886568 1.2100949480494012 1545214743.3603892
 
0.36172549507733864 0.2774076019704223 1.2100949480494012 1545214743.3763967
 
0.36190886323337157 0.27789804238184973 1.2130038301360588 1545214743.3877237
 
0.36215335410808214 0.2785519629304196 1.2130038301360595 1545214743.3996801
 
0.36239784498279276 0.27920588347898967 1.2130038301360595 1545214743.4136362
 
0.36264233585750333 0.27985980402755956 1.2130038301360588 1545214743.4249911
 
0.3628868267322139 0.28051372457612944 1.2130038301360595 1545214743.436553
 
0.3630687674811384 0.28100469630819647 1.2159127122227171 1545214743.448795
 
0.3633113551463711 0.28165932528428567 1.2159127122227165 1545214743.4608564
 
0.36343264897898747 0.2819866397723304 1.2159127122227171 1545214743.4731658
 
0.363860508009731 0.2831310007323278 1.2130038301360595 1545214743.501769
 
0.3644622140174251 0.28476933039334584 1.218821594309373 1545214743.548361
 
0.364999458002251 0.28624539611039274 1.2217304763960306 1545214743.584966
 
0.36571578331535204 0.28821348373312167 1.2217304763960313 1545214743.6400225
 
0.3664855971173808 0.29034782698213335 1.2246393584826882 1545214743.6784024
 
0.36706819999331786 0.29199304675068 1.2304571226560028 1545214743.7332804
 
0.36800036459481716 0.2946253983803548 1.2304571226560024 1545214743.7842515
 
0.36863596072906696 0.29643699666185813 1.23336600474266 1545214743.8232431
 
0.36920418435255886 0.29808723789015573 1.239183768915974 1545214743.8407547
 
0.36931782907725724 0.2984172861358152 1.239183768915974 1545214743.8538568
 
0.369545118526654 0.2990773826271342 1.239183768915974 1545214743.8660364
 
0.36971414478737696 0.2995729487690305 1.242092651002631 1545214743.8778882
 
0.3698268289611923 0.29990332619696153 1.242092651002631 1545214743.8892474
 
0.36999729604823983 0.30039839856545064 1.2391837689159746 1545214743.9007778
 
0.37016632230896285 0.3008939647073471 1.242092651002631 1545214743.913732
 
0.3703339063131305 0.3013900204293736 1.2450015330892892 1545214743.925359
 
0.37050293257385347 0.3018855865712699 1.242092651002631 1545214743.9377656
 
0.3706156167476688 0.3022159639992008 1.2420926510026316 1545214743.9491863
 
0.37078320075183646 0.30271201972122724 1.2450015330892887 1545214743.9609866
 
0.37089492342128155 0.3030427235359115 1.2450015330892892 1545214743.9742684
 
0.37100664609072664 0.30337342735059575 1.245001533089288 1545214743.9853144
 
0.3712300914296169 0.3040348349799644 1.2450015330892892 1545214743.9972322
 
0.371341814099062 0.30436553879464867 1.245001533089288 1545214744.0132859
 
0.37150795442864737 0.30486207989938563 1.2479104151759464 1545214744.0301862
 
0.371675538432815 0.30535813562141195 1.245001533089288 1545214744.045079
 
0.3718416787624004 0.3058546767261489 1.2479104151759457 1545214744.0604737
 
0.3720631992018475 0.30651673153246467 1.2479104151759457 1545214744.0771332
 
0.3722278944510393 0.3070137538183852 1.2508192972626027 1545214744.0916843
 
0.3723940347806247 0.30751029492312215 1.2479104151759457 1545214744.105009
 
0.3725047950003483 0.30784132232628003 1.2479104151759457 1545214744.116615
 
0.3726694902495401 0.30833834461220055 1.2508192972626033 1545214744.129281
 
0.3727792870823347 0.3086696928028143 1.2508192972626027 1545214744.141349
 
0.37288908391512926 0.30900104099342796 1.2508192972626033 1545214744.1536148
 
0.3730552242447146 0.3094975820981648 1.2479104151759457 1545214744.1656656
 
0.3731101226611119 0.3096632561934716 1.2508192972626033 1545214744.178246
 
0.37332971632670103 0.3103259525746991 1.2508192972626022 1545214744.190269
 
0.3734395131594956 0.3106573007653127 1.2508192972626033 1545214744.202259
 
0.37354930999229013 0.3109886489559264 1.2508192972626033 1545214744.2145376
 
0.3736591068250847 0.31131999714654 1.2508192972626033 1545214744.2272944
 
0.37376890365787924 0.31165134533715366 1.2508192972626033 1545214744.2408035
 
0.37398849732346834 0.312314041718381 1.2508192972626033 1545214744.2538915
 
0.3740429135818733 0.31247987480554973 1.253728179349261 1545214744.2671921
 
0.37420760883106513 0.31297689709147025 1.2508192972626022 1545214744.2828794
 
0.37447969012308985 0.3138060625273133 1.2537281793492598 1545214744.3127933
 
0.3745885226398998 0.31413772870165063 1.2537281793492598 1545214744.3250153
 
0.37475032355979354 0.3146357007291075 1.2566370614359175 1545214744.336876
 
0.3748601203925881 0.31496704891972116 1.2508192972626027 1545214744.350076
 
0.3749679876725173 0.3152990302713592 1.256637061435918 1545214744.3610637
 
0.3750758549524465 0.315631011622997 1.2566370614359175 1545214744.3746274
 
0.3751837222323757 0.31596299297463504 1.2566370614359175 1545214744.3884144
 
0.3752915895123049 0.31629497432627296 1.2566370614359175 1545214744.406748
 
0.37545194120778475 0.3167934149060463 1.2595459435225744 1545214744.4183435
 
0.37555884233810466 0.3171257086258953 1.2595459435225744 1545214744.4346106
 
0.3756657434684245 0.31745800234574406 1.2595459435225744 1545214744.4463887
 
0.37577264459874443 0.31779029606559306 1.2595459435225744 1545214744.4583168
 
0.3759315457129802 0.3182892009800835 1.262454825609232 1545214744.4702914
 
0.37598499627814014 0.31845534784000795 1.259545943522575 1545214744.4833
 
0.37609189740846005 0.31878764155985684 1.2595459435225744 1545214744.4950485
 
0.37619879853877997 0.3191199352797057 1.259545943522575 1545214744.5078802
 
0.3763056996690999 0.3194522289995546 1.259545943522575 1545214744.5200455
 
0.3764126007994198 0.3197845227194035 1.2595459435225738 1545214744.5329585
 
0.3765715019136555 0.3202834276338939 1.2624548256092327 1545214744.5442667
 
0.3766249524788155 0.32044957449381845 1.259545943522575 1545214744.5552852
 
0.3767318536091354 0.32078186821366733 1.2595459435225738 1545214744.568049
 
0.37683875473945533 0.3211141619335162 1.259545943522575 1545214744.5803668
 
0.37694565586977524 0.3214464556533651 1.259545943522575 1545214744.5917697
 
0.37705255700009516 0.321778749373214 1.2595459435225738 1545214744.6043205
 
0.37715945813041507 0.3221110430930629 1.259545943522575 1545214744.61536
 
0.3772124251684937 0.32227734473122643 1.2624548256092327 1545214744.6282914
 
0.37731835924465085 0.3226099480075533 1.2624548256092314 1545214744.6399517
 
0.377424293320808 0.3229425512838802 1.2624548256092327 1545214744.6512315
 
0.37747774388596794 0.32310869814380466 1.259545943522575 1545214744.6633732
 
0.37758464501628786 0.32344099186365355 1.2595459435225738 1545214744.6891544
 
0.3777984472769277 0.3241055793033514 1.259545943522575 1545214744.7012844
 
0.3779053484072476 0.32443787302320026 1.2595459435225738 1545214744.7151191
 
0.3780122495375675 0.32477016674304915 1.259545943522575 1545214744.7377028
 
0.3781191506678874 0.32510246046289804 1.259545943522575 1545214744.7492673
 
0.37822605179820734 0.3254347541827469 1.2595459435225738 1545214744.7606122
 
0.37833295292852726 0.3257670479025959 1.2595459435225744 1545214744.7732882
 
0.37833295292852726 0.3257670479025959 1.2595459435225744 1545214744.7859056
 
0.37843985405884717 0.3260993416224448 1.259545943522575 1545214744.801815
 
0.3785467551891671 0.3264316353422937 1.2595459435225744 1545214744.8143687
 
0.378653656319487 0.3267639290621427 1.2595459435225744 1545214744.8465037
 
0.3789743597104467 0.3277608102216893 1.2595459435225744 1545214744.8706326
 
0.3790812608407666 0.3280931039415382 1.2595459435225744 1545214744.884779
 
0.37913422787884515 0.3282594055797016 1.262454825609232 1545214744.8963478
 
0.3791876784440051 0.32842555243962607 1.259545943522575 1545214744.9088109
 
0.379294579574325 0.32875784615947506 1.2595459435225744 1545214744.9369898
 
0.3795594147647179 0.32958935435029235 1.262454825609232 1545214744.991303
 
0.3798772169931894 0.3305871641792731 1.2624548256092314 1545214745.0052412
 
0.3798772169931894 0.3305871641792731 1.2624548256092314 1545214745.0170865
 
0.3799831510693466 0.3309197674556001 1.2624548256092314 1545214745.0286899
 
0.3800356341321585 0.33108622246482644 1.265363707695889 1545214745.043342
 
0.38019453524639424 0.33158512737931684 1.2624548256092314 1545214745.054995
 
0.38019453524639424 0.33158512737931684 1.2624548256092314 1545214745.0665855
 
0.38030046932255146 0.33191773065564384 1.2624548256092314 1545214745.0781012
 
0.3804064033987086 0.33225033393197073 1.2624548256092327 1545214745.0907073
 
0.3804064033987086 0.33225033393197073 1.2624548256092327 1545214745.1038992
 
0.3805123374748658 0.3325829372082976 1.2624548256092314 1545214745.1150436
 
0.38061827155102296 0.3329155404846245 1.2624548256092314 1545214745.1272175
 
0.38061827155102296 0.3329155404846245 1.2624548256092314 1545214745.140032
 
0.3807242056271801 0.3332481437609514 1.2624548256092327 1545214745.1510334
 
0.38077765619234005 0.33341429062087585 1.259545943522575 1545214745.1636946
 
0.3808306232304186 0.3335805922590393 1.2624548256092314 1545214745.1749563
 
0.3808306232304186 0.3335805922590393 1.2624548256092314 1545214745.1887944
 
0.3809365573065758 0.3339131955353662 1.2624548256092327 1545214745.2003343
 
0.38104249138273294 0.3342457988116931 1.2624548256092314 1545214745.2138999
 
0.38104249138273294 0.3342457988116931 1.2624548256092314 1545214745.225154
 
0.38109497444554485 0.33441225382091944 1.265363707695889 1545214745.237355
 
0.38119994057116874 0.33474516383937225 1.265363707695889 1545214745.2501433
 
0.38119994057116874 0.33474516383937225 1.265363707695889 1545214745.2613015
 
0.3812529076092473 0.3349114654775357 1.2624548256092327 1545214745.2736845
 
0.38130539067205915 0.33507792048676194 1.265363707695889 1545214745.2856386
 
0.38130539067205915 0.33507792048676194 1.265363707695889 1545214745.2983694
 
0.38141035679768304 0.33541083050521475 1.265363707695889 1545214745.324044
 
0.3815153229233069 0.33574374052366757 1.265363707695889 1545214745.367298
 
0.3817753161405826 0.3365767753827445 1.2682725897825466 1545214745.3932836
 
0.3818793134274928 0.3369099893263753 1.2682725897825462 1545214745.417846
 
0.3819833107144031 0.3372432032700062 1.2682725897825462 1545214745.4309108
 
0.38208730800131335 0.33757641721363685 1.2682725897825462 1545214745.4584813
 
0.38219130528822365 0.33790963115726774 1.2682725897825466 1545214745.4922845
 
0.3823992998620442 0.3385760590445293 1.2682725897825462 1545214745.506835
 
0.3823992998620442 0.3385760590445293 1.2682725897825462 1545214745.5186043
 
0.3825032971489544 0.3389092729881601 1.2682725897825466 1545214745.530028
 
0.3825032971489544 0.3389092729881601 1.2682725897825466 1545214745.541002
 
0.3826072944358647 0.339242486931791 1.2682725897825462 1545214745.5542028
 
0.3826072944358647 0.339242486931791 1.2682725897825462 1545214745.5679302
 
0.38271129172277496 0.33957570087542166 1.2682725897825462 1545214745.591703
 
0.38281528900968526 0.33990891481905255 1.2682725897825466 1545214745.6172147
 
0.3829212230858425 0.34024151809537956 1.2624548256092314 1545214745.63137
 
0.3829737061486544 0.3404079731046059 1.2653637076958886 1545214745.6438909
 
0.38302667318673295 0.34057427474276925 1.262454825609232 1545214745.656619
 
0.38313260726289017 0.34090687801909625 1.2624548256092314 1545214745.6683059
 
0.38313260726289017 0.34090687801909625 1.2624548256092314 1545214745.679925
 
0.38313260726289017 0.34090687801909625 1.2624548256092314 1545214745.6912668
 
0.38323854133904733 0.34123948129542314 1.2624548256092327 1545214745.7064593
 
0.3832910244018592 0.3414059363046494 1.265363707695889 1545214745.723108
 
0.3833439914399378 0.34157223794281294 1.2624548256092314 1545214745.7352154
 
0.3833964745027497 0.3417386929520393 1.265363707695889 1545214745.7536936
 
0.3835014406283736 0.3420716029704921 1.2653637076958886 1545214745.764971
 
0.3835014406283736 0.3420716029704921 1.2653637076958886 1545214745.77651
 
0.3836064067539974 0.3424045129889447 1.2653637076958897 1545214745.8077252
 
0.38371137287962126 0.3427374230073975 1.2653637076958886 1545214745.8507648
 
0.383870273993857 0.3432363279218878 1.262454825609232 1545214745.878451
 
0.3839762080700142 0.3435689311982148 1.262454825609232 1545214745.8901613
 
0.3840286911328261 0.34373538620744115 1.2653637076958897 1545214745.9171083
 
0.38418759224706184 0.34423429112193155 1.262454825609232 1545214745.9680955
 
0.3843450414354976 0.3447336561496107 1.2653637076958897 1545214746.004056
 
0.3845039425497333 0.3452325610641011 1.262454825609232 1545214746.0202801
 
0.3845564256125452 0.34539901607332746 1.2653637076958897 1545214746.033359
 
0.38460939265062377 0.3455653177114909 1.262454825609232 1545214746.0446315
 
0.38460939265062377 0.3455653177114909 1.262454825609232 1545214746.0652847
 
0.38466284321578376 0.34573146457141546 1.259545943522575 1545214746.077878
 
0.3847158102538623 0.3458977662095789 1.2624548256092327 1545214746.0941088
 
0.38476926081902224 0.34606391306950335 1.2595459435225755 1545214746.111824
 
0.3848222278571008 0.3462302147076667 1.262454825609232 1545214746.1299636
 
0.384928161933258 0.3465628179839937 1.262454825609232 1545214746.1500065
 
0.38498161249841795 0.34672896484391813 1.259545943522575 1545214746.1900225
 
0.38508851362873786 0.3470612585637671 1.2595459435225755 1545214746.240332
 
0.3852474147429736 0.3475601634782574 1.262454825609232 1545214746.2727842
 
0.3854077664384534 0.3480586040580308 1.2595459435225755 1545214746.2877085
 
0.3854077664384534 0.3480586040580308 1.2595459435225755 1545214746.3071487
 
0.38551466756877334 0.3483908977778797 1.2595459435225744 1545214746.3199384
 
0.38551466756877334 0.3483908977778797 1.2595459435225744 1545214746.3309975
 
0.3855686012087379 0.34855688845369864 1.2566370614359175 1545214746.3433394
 
0.3855686012087379 0.34855688845369864 1.2566370614359175 1545214746.3546412
 
0.3855686012087379 0.34855688845369864 1.2566370614359175 1545214746.3670685
 
0.38562205177389786 0.3487230353136231 1.259545943522575 1545214746.378619
 
0.3856759854138625 0.34888902598944216 1.2566370614359175 1545214746.390078
 
0.38572943597902243 0.3490551728493665 1.2595459435225738 1545214746.400999
 
0.385783369618987 0.34922116352518545 1.2566370614359175 1545214746.415188
 
0.385783369618987 0.34922116352518545 1.2566370614359175 1545214746.4268675
 
0.38583682018414694 0.3493873103851099 1.259545943522575 1545214746.4399498
 
0.3858907538241116 0.34955330106092897 1.2566370614359175 1545214746.4509149
 
0.3859442043892715 0.3497194479208534 1.259545943522575 1545214746.4642584
 
0.3859981380292361 0.34988543859667237 1.2566370614359175 1545214746.4757068
 
0.3859981380292361 0.34988543859667237 1.2566370614359175 1545214746.4871204
 
0.3859981380292361 0.34988543859667237 1.2566370614359175 1545214746.4986699
 
0.38605158859439603 0.3500515854565968 1.2595459435225738 1545214746.5106676
 
0.3861055222343606 0.3502175761324158 1.2566370614359175 1545214746.5246394
 
0.38615897279952055 0.3503837229923402 1.259545943522575 1545214746.53649
 
0.38626587392984046 0.3507160167121892 1.259545943522575 1545214746.5482028
 
0.38653070912023335 0.3515475249030065 1.2624548256092327 1545214746.5660064
 
0.38706037950101924 0.3532105412846412 1.2624548256092327 1545214746.5832691
 
0.38768436322248084 0.35520982494642594 1.2682725897825455 1545214746.5953052
 
0.38819464811118887 0.35687889161082953 1.2740903539558608 1545214746.6084774
 
0.38875061849156417 0.35871648996617395 1.2769992360425177 1545214746.6213274
 
0.38935713163379176 0.36072114271745875 1.2769992360425177 1545214746.6338387
 
0.38995197198074416 0.36272929007424465 1.282817000215833 1545214746.645022
 
0.3904918853241913 0.3645716701547349 1.2857258823024895 1545214746.656832
 
0.39112362836094466 0.3667508753148584 1.2886347643891471 1545214746.6696951
 
0.39169506311370195 0.3687658078616871 1.2944525285624613 1545214746.6808338
 
0.39230776518442817 0.37095044297239166 1.2973614106491183 1545214746.6932042
 
0.39296759818367183 0.37330312693776585 1.2973614106491183 1545214746.7046664
 
0.39362743118291543 0.3756558109031399 1.2973614106491183 1545214746.7322834
 
0.3950125687879568 0.3808860238870062 1.311905821082404 1545214746.744457
 
0.3956754321879922 0.38341871100903585 1.3148147031690622 1545214746.7564514
 
0.39628034203107904 0.38578611158974807 1.3206324673423764 1545214746.7699625
 
0.39697166756603536 0.38849171225341905 1.3206324673423764 1545214746.7817361
 
0.3976472409437762 0.3912012890760663 1.326450231515691 1545214746.7939587
 
0.3982383676492994 0.3935721687958827 1.3264502315156903 1545214746.8052685
 
0.3988156912098164 0.3959464474093339 1.3322679956890038 1545214746.8191714
 
0.3995083375476927 0.3988315270412439 1.3351768777756614 1545214746.8339033
 
0.4001925886105003 0.40171860929065817 1.338085759862319 1545214746.8463435
 
0.40078892684393047 0.40426778026502425 1.3409946419489773 1545214746.8586876
 
0.40143953961905526 0.40716262852506835 1.3497212882089478 1545214746.870973
 
0.4020518810544668 0.4098871915933451 1.3497212882089478 1545214746.883744
 
0.4026185186387116 0.41244312856309256 1.3526301702956054 1545214746.8950906
 
0.40320706076170476 0.4151729315076294 1.3584479344689195 1545214746.9078472
 
0.403708130301679 0.4175644646443285 1.3642656986422337 1545214746.9209769
 
0.4043598040572078 0.4208159274183204 1.372992344902206 1545214746.935067
 
0.4049085819566004 0.42355400133326104 1.372992344902206 1545214746.9471574
 
0.4054414211904793 0.4262952215537794 1.3788101090755212 1545214746.9592621
 
0.4059334803508505 0.4288665577293691 1.3817189911621777 1545214746.9728687
 
0.4064656954610822 0.4317854942665819 1.3904456374221488 1545214746.9845433
 
0.40692780313311877 0.4343623816224139 1.3933545195088064 1545214746.9969332
 
0.4074430276479827 0.43728436504658297 1.3962634015954627 1545214747.0092978
 
0.40792794483844286 0.4400344670928598 1.396263401595464 1545214747.0230799
 
0.4084554681713306 0.44313145329469367 1.4020811657687786 1545214747.0367582
 
0.4089083543684887 0.4458870113214756 1.4078989299420928 1545214747.04862
 
0.4093452018050564 0.44864515748578676 1.4137166941154067 1545214747.0603018
 
0.40974147722756976 0.45105627075922106 1.4078989299420928 1545214747.0738783
 
0.410197101110127 0.45398813881721406 1.4166255762020639 1545214747.0870318
 
0.4106967938548756 0.4572663999439619 1.4195344582887215 1545214747.0988986
 
0.4110509291939084 0.4596840619529009 1.4253522224620354 1545214747.1112435
 
0.4114724091702261 0.46262103285187134 1.428261104548693 1545214747.1246765
 
0.4119186820863272 0.4657307667448989 1.4282611045486926 1545214747.1391718
 
0.4123468558537131 0.4688430443073944 1.4340788687220078 1545214747.1527512
 
0.41272557624674566 0.47178583453025036 1.4428055149819794 1545214747.1644635
 
0.41308201896959984 0.47455551944587954 1.442805514981979 1545214747.1767828
 
0.41345217754265234 0.4774993988698083 1.4457143970686366 1545214747.1886208
 
0.4137429045149153 0.4799255025888233 1.4515321612419505 1545214747.2004397
 
0.4141044981358581 0.48287044630392717 1.4486232791552942 1545214747.2132769
 
0.41445752374503453 0.48581642939130254 1.4515321612419512 1545214747.2259817
 
0.4147614542834926 0.48841672133125735 1.4544410433286081 1545214747.2384212
 
0.4151080113975491 0.49153914067653837 1.4602588075019216 1545214747.250355
 
0.41541606216559934 0.4943146245390107 1.4602588075019216 1545214747.2630982
 
0.4157241129336496 0.4970901084014827 1.4602588075019216 1545214747.275743
 
0.4160160114690209 0.49986733745065903 1.4660765716752364 1545214747.288352
 
0.4163262149449088 0.5029935777172789 1.471894335848551 1545214747.3000653
 
0.4165674843150438 0.5054250979246502 1.471894335848551 1545214747.313219
 
0.41688532086659447 0.5087259567190853 1.4748032179352075 1545214747.326037
 
0.4171529726994792 0.5115056272828198 1.4748032179352075 1545214747.338616
 
0.41741156899388376 0.5144613964531638 1.4835298641951804 1545214747.3502882
 
0.41767113397188194 0.5172418338232075 1.4777121000218651 1545214747.3628263
 
0.4179145187195568 0.5200237342188256 1.4835298641951804 1545214747.3747504
 
0.41816451594802706 0.522980243108985 1.486438746281838 1545214747.387366
 
0.4184059119951893 0.5259374667021973 1.4893476283684943 1545214747.399693
 
0.4186331082748714 0.5287207359663971 1.4893476283684957 1545214747.4133468
 
0.4188704834120532 0.5318533478870372 1.4951653925418085 1545214747.4273443
 
0.41911142636726934 0.5351607086696902 1.498074274628466 1545214747.4412692
 
0.41934274759413837 0.5384687563332377 1.5009831567151237 1545214747.4549751
 
0.4195644451353151 0.541777462886339 1.5038920388017802 1545214747.4747238
 
0.419879038934639 0.5471788298228588 1.5126186850617531 1545214747.491693
 
0.4200617063019884 0.5503151073989027 1.5126186850617531 1545214747.505855
 
0.4202646700434877 0.5537998602611736 1.5126186850617518 1545214747.5193257
 
0.42042857228111924 0.556762389499567 1.5155275671484094 1545214747.5342371
 
0.4205838638554549 0.5599001417090361 1.5213453313217236 1545214747.5465732
 
0.42070466203542956 0.5628647413837902 1.5300719775816953 1545214747.5591567
 
0.4208340833630583 0.5658289771287656 1.52716309549504 1545214747.571068
 
0.42095488154303295 0.5687935768035195 1.5300719775816964 1545214747.5845597
 
0.4210523393229926 0.5715844024748334 1.5358897417550106 1545214747.5967474
 
0.42116197932544713 0.5747240813550618 1.5358897417550106 1545214747.6107135
 
0.4212569022214971 0.5776896222965497 1.5387986238416658 1545214747.6233506
 
0.4213431983191913 0.580655426810566 1.5417075059283234 1545214747.6359868
 
0.4214381212152412 0.5836209677520539 1.5387986238416682 1545214747.6500866
 
0.42150716159862034 0.5865872241228518 1.5475252701016398 1545214747.6617117
 
0.42156198995047117 0.5897283382966636 1.553343034274954 1545214747.6933508
 
0.4219152744028248 0.5998450813551768 1.5358897417550093 1545214747.7689664
 
0.422004628341909 0.6152037188519209 1.564978562621582 1545214747.794627
 
0.4219858436275136 0.6216614097630212 1.5737052088815537 1545214747.8208175
 
0.4220020898669907 0.627246439740189 1.5678874447082396 1545214747.8468904
 
0.4219472594273648 0.6335293858029246 1.5795229730548679 1545214747.8738327
 
0.4218924289877388 0.6398123318656606 1.5795229730548679 1545214747.8970306
 
0.421811200539709 0.6453967947516855 1.5853407372281818 1545214747.9098864
 
0.4217705863156941 0.648189026194698 1.5853407372281831 1545214747.9216588
 
0.42170662107794415 0.651329967590116 1.5911585014014984 1545214747.9340131
 
0.42168732875018733 0.6546460370496402 1.5766140909682103 1545214747.959792
 
0.42157005914764584 0.660404429607906 1.591158501401497 1545214747.9751363
 
0.4214847739681775 0.6640686286541857 1.5940673834881536 1545214747.9871106
 
0.4214071053990411 0.6670346716453113 1.5969762655748112 1545214748.0002117
 
0.42132080930134685 0.6700004761593275 1.59988514766147 1545214748.01362
 
0.4212111692988923 0.6731401550395556 1.605702911834784 1545214748.0249405
 
0.4211137115189327 0.6759309807108698 1.605702911834784 1545214748.0370102
 
0.42100153750875663 0.6788959192301777 1.6086117939214406 1545214748.0502884
 
0.42090103091293907 0.682035903756459 1.6027940297481253 1545214748.063162
 
0.4207802327329644 0.685000503431213 1.6115206760080982 1545214748.0751822
 
0.42065081140533567 0.6879647391761884 1.6144295580947545 1545214748.0869582
 
0.4205290030969792 0.6907546081126361 1.6144295580947545 1545214748.100093
 
0.42039196875007817 0.6938932106661396 1.6144295580947559 1545214748.1131103
 
0.4202366771757425 0.697030962875609 1.6202473222680698 1545214748.1246345
 
0.42010169886239884 0.6994706928366388 1.626065086441385 1545214748.1364894
 
0.41992917968212445 0.7024327327695689 1.6289739685280415 1545214748.1481645
 
0.4197830301215454 0.7052214325118291 1.6231562043547274 1545214748.1644201
 
0.4195394736317462 0.7094031359465542 1.6289739685280404 1545214748.1804187
 
0.41931772354553887 0.7134112637396746 1.6260650864413828 1545214748.2058902
 
0.41895545421927705 0.7193343148674797 1.631882850614698 1545214748.2232997
 
0.41872105887343547 0.7229920036232983 1.6347917327013557 1545214748.2398999
 
0.4184308551119173 0.7275205706543119 1.6347917327013557 1545214748.2567554
 
0.41818735908363414 0.7310027260896246 1.6406094968746696 1545214748.2686038
 
0.41797177854475653 0.7339619436319985 1.6435183789613272 1545214748.2804964
 
0.41776174929522064 0.7370965077349367 1.6377006147880133 1545214748.29316
 
0.41755477767117993 0.7400563398549527 1.6406094968746696 1545214748.309642
 
0.41728693204006845 0.7438867108337968 1.6406094968746696 1545214748.3209121
 
0.4170921352174419 0.746672435182047 1.640609496874671 1545214748.3352616
 
0.4168486391891587 0.7501545906173597 1.640609496874671 1545214748.3507936
 
0.41658079355804717 0.7539849615962039 1.6406094968746696 1545214748.3663507
 
0.41633729752976395 0.7574671170315168 1.6406094968746696 1545214748.3810782
 
0.4160207973468549 0.7616439329257038 1.6464272610479849 1545214748.394066
 
0.4158305792243158 0.7642550072277982 1.6435183789613261 1545214748.405965
 
0.4155769550609304 0.767736439630591 1.6435183789613272 1545214748.420578
 
0.41532639241612734 0.7710430855468224 1.6464272610479849 1545214748.4333274
 
0.41508901727894554 0.7741756974674626 1.6464272610479849 1545214748.4449291
 
0.4148780171570061 0.7769602413969207 1.6464272610479838 1545214748.4586158
 
0.4145940218074035 0.7804393279771702 1.6522450252213001 1545214748.4707117
 
0.4143612289841435 0.783397241250624 1.6493361431346414 1545214748.4836218
 
0.41411474246539764 0.7865291494225162 1.6493361431346414 1545214748.5007982
 
0.41375974827839435 0.7908780076478282 1.652245025221299 1545214748.5149262
 
0.41347575292879174 0.7943570942280778 1.652245025221299 1545214748.526845
 
0.41324855664910964 0.7971403634922775 1.652245025221299 1545214748.5392973
 
0.41299855942063934 0.8000968723824371 1.6551539073079555 1545214748.553214
 
0.4127044450342037 0.8035751181355661 1.6551539073079542 1545214748.568085
 
0.41238091920912456 0.807401188464008 1.6551539073079542 1545214748.5810628
 
0.41211621626133255 0.8105316096418239 1.6551539073079566 1545214748.5937042
 
0.4118809247521841 0.8133142062443272 1.6551539073079555 1545214748.6051302
 
0.4116223284577795 0.8162699754146712 1.6580627893946132 1545214748.618792
 
0.41133031785753155 0.8193979674559706 1.6638805535679284 1545214748.630416
 
0.41105651001639737 0.8225276054010408 1.6580627893946118 1545214748.643134
 
0.4108131252687225 0.8253095057966587 1.6580627893946143 1545214748.6549475
 
0.4105459320965193 0.8282645102366829 1.6609716714812695 1545214748.6684558
 
0.4102376986851464 0.8315662796136101 1.6638805535679284 1545214748.6832304
 
0.4099076365312483 0.8352165792159933 1.660971671481272 1545214748.6947837
 
0.4096318487421252 0.8381707939216648 1.6638805535679284 1545214748.7078915
 
0.40930739251962744 0.84164634063422 1.663880553567927 1545214748.737339
 
0.4086909256968817 0.8482498793880742 1.663880553567927 1545214748.7532747
 
0.4083340238521342 0.8520729807718845 1.663880553567927 1545214748.7706587
 
0.4079096582256938 0.8567662231178054 1.6609716714812708 1545214748.7872007
 
0.4075416369554773 0.8605882701429406 1.666789435654585 1545214748.7999277
 
0.40726584916635417 0.8635424848486125 1.6638805535679284 1545214748.8142498
 
0.40694139294385645 0.8670180315611672 1.663880553567927 1545214748.830953
 
0.40648973047586345 0.8717087256374696 1.6667894356545825 1545214748.8484185
 
0.4061125165856942 0.8758804966116216 1.6609716714812708 1545214748.865821
 
0.4057038682046775 0.8803999151669529 1.6609716714812708 1545214748.8829048
 
0.40532665431450826 0.8845716861411052 1.6609716714812708 1545214748.8987725
 
0.4049808749151865 0.8883958095340779 1.6609716714812708 1545214748.917321
 
0.4045722265341698 0.8929152280894093 1.660971671481272 1545214748.934898
 
0.4041615147724685 0.8976096850070144 1.6580627893946118 1545214748.9529688
 
0.40379387178942394 0.9019574921984257 1.6551539073079555 1545214748.9705465
 
0.4033831600277226 0.9066519491160309 1.6580627893946118 1545214748.99071
 
0.40292876746835843 0.9122184876444305 1.652245025221299 1545214749.0101147
 
0.40261226728544935 0.9163953035386174 1.6464272610479838 1545214749.0270677
 
0.402243073330966 0.9209181160929415 1.652245025221299 1545214749.040996
 
0.4019590779813634 0.9243972026731913 1.652245025221298 1545214749.0579
 
0.4016441229851881 0.9283990853372757 1.6493361431346414 1545214749.077108
 
0.40126168526417294 0.9334460712094184 1.6464272610479838 1545214749.0918736
 
0.40097156009650625 0.937274819112423 1.6464272610479838 1545214749.1082253
 
0.40070525472495155 0.9409303231353554 1.6435183789613261 1545214749.1252859
 
0.4003755433125505 0.9454561852589861 1.6435183789613272 1545214749.1391375
 
0.40012191914916506 0.9489376176617786 1.6435183789613286 1545214749.154754
 
0.399792207736764 0.9534634797854094 1.6435183789613261 1545214749.1708083
 
0.39951322115704 0.9572930554284814 1.6435183789613272 1545214749.188205
 
0.39925755032734267 0.9609493186355599 1.6406094968746696 1545214749.2045038
 
0.3989410501444336 0.9651261345297468 1.6464272610479849 1545214749.221795
 
0.3986001557048371 0.9700011521391849 1.640609496874671 1545214749.239959
 
0.39826177524725154 0.9750512831939185 1.6377006147880109 1545214749.25732
 
0.3980284094144339 0.9785341321971834 1.6377006147880133 1545214749.2746878
 
0.397725033831771 0.9830618359014273 1.6377006147880133 1545214749.2902038
 
0.3974449948323898 0.9872412547053449 1.637700614788012 1545214749.30494
 
0.39721059948654824 0.9908989434611635 1.6347917327013544 1545214749.320215
 
0.3969427190913007 0.995079159182099 1.6347917327013544 1545214749.340796
 
0.39666312115651753 1.0001328855299465 1.626065086441384 1545214749.3603897
 
0.3963647817113607 1.0050106923410802 1.6318828506146992 1545214749.378142
 
0.3961090621869406 1.009191669607766 1.6318828506146992 1545214749.3912954
 
0.39589596258325715 1.0126758173300041 1.6318828506146992 1545214749.4071226
 
0.39566255428053293 1.0166832831216157 1.6289739685280404 1545214749.428632
 
0.39537025515937485 1.0222606826061362 1.6231562043547252 1545214749.4431927
 
0.39516778768935945 1.0259202775476808 1.6260650864413828 1545214749.455334
 
0.39499424414363193 1.029057073211862 1.626065086441385 1545214749.471027
 
0.3947912391727897 1.033415671348704 1.6173384401814122 1545214749.489159
 
0.3945720148319211 1.0375987209620943 1.6231562043547252 1545214749.509224
 
0.39432840886691045 1.0428290387263048 1.617338440181411 1545214749.529064
 
0.39407821688603634 1.0478843061748941 1.620247322268071 1545214749.5459034
 
0.39389145231286143 1.051894216460789 1.6173384401814135 1545214749.5647457
 
0.3936240057126167 1.057298123043764 1.6202473222680698 1545214749.580708
 
0.3934605728808862 1.0613090520154898 1.611520676008097 1545214749.5999296
 
0.3932103809000121 1.0663643194640793 1.6202473222680676 1545214749.616433
 
0.3930398567245046 1.0700255418990265 1.6173384401814122 1545214749.6309252
 
0.39287998331978674 1.0736872448781138 1.6144295580947545 1545214749.6445339
 
0.39272569954194664 1.0769997794621138 1.6173384401814122 1545214749.6604402
 
0.39253537406013966 1.081358949675313 1.6144295580947545 1545214749.6729984
 
0.3924135710776343 1.0839741085574184 1.617338440181411 1545214749.6880531
 
0.39222324559582733 1.088333278770618 1.6144295580947559 1545214749.7050147
 
0.3920456012135116 1.0926929841746678 1.6115206760080982 1545214749.7273052
 
0.391809597616071 1.0980983552390349 1.6144295580947559 1545214749.744212
 
0.39166950205737905 1.102110167141549 1.605702911834784 1545214749.7582457
 
0.39153093416245566 1.1057727382536353 1.6086117939214393 1545214749.7752
 
0.3914040281364347 1.11013421548013 1.5998851476614688 1545214749.7943888
 
0.3912644356422436 1.114495305099965 1.6027940297481265 1545214749.8085885
 
0.3911243400835517 1.118507117002479 1.605702911834784 1545214749.823323
 
0.3910228152627349 1.1219962987836745 1.5998851476614677 1545214749.838803
 
0.3908888108152905 1.1258336840817311 1.605702911834783 1545214749.8530822
 
0.390766988590341 1.1293222161708736 1.605702911834783 1545214749.8685906
 
0.3906248538411975 1.1342070706645473 1.5998851476614677 1545214749.8883
 
0.3904852613470064 1.1385681602843825 1.6027940297481265 1545214749.9028955
 
0.3903786602851488 1.1422318011546377 1.5998851476614688 1545214749.9151316
 
0.39030403417444054 1.1458962327826252 1.5911585014014984 1545214749.9344347
 
0.3901943818008384 1.1506073458421273 1.5940673834881547 1545214749.9483948
 
0.3900928569800216 1.154096527623323 1.5998851476614677 1545214749.9629846
 
0.390003510601531 1.1579352123384732 1.5940673834881525 1545214749.9803526
 
0.3899075627449061 1.1626466244316 1.591158501401497 1545214750.0044115
 
0.3897572983810809 1.1691025941798072 1.5940673834881547 1545214750.0276983
 
0.38965424327581716 1.1741629997613134 1.591158501401497 1545214750.046832
 
0.38956590870894636 1.1792236837080103 1.5882496193148394 1545214750.0608604
 
0.38950498831800096 1.1827138105678017 1.5882496193148419 1545214750.0746086
 
0.3894318838488665 1.1869019627995512 1.5882496193148419 1545214750.0940545
 
0.3893684241238432 1.191264824429258 1.5853407372281818 1545214750.114089
 
0.38929734923181714 1.19615122945453 1.5853407372281818 1545214750.1268513
 
0.38923947486041904 1.1994668499713312 1.5882496193148394 1545214750.1444411
 
0.3891602783521901 1.2040040148890598 1.5882496193148394 1545214750.1584096
 
0.38910189540516865 1.2080178475883905 1.5853407372281818 1545214750.1733077
 
0.3890673728765802 1.2109847064705845 1.5824318551415242 1545214750.1891627
 
0.3890292961823955 1.215347863458596 1.5795229730548666 1545214750.2066445
 
0.38896837484637314 1.2195362106231145 1.5853407372281818 1545214750.224794
 
0.38891354494802677 1.224248280612482 1.5824318551415266 1545214750.2517076
 
0.3888323154689951 1.2312291250411747 1.5824318551415266 1545214750.2778025
 
0.38879373081348145 1.2378612639602231 1.5766140909682114 1545214750.306915
 
0.38879373081348145 1.2455407126689984 1.5707963267948961 1545214750.3368075
 
0.38879373081348145 1.2525220296769757 1.5707963267948961 1545214750.3578212
 
0.38879373081348145 1.2577580174329583 1.5707963267948961 1545214750.37436
 
0.38881810006959533 1.2619467367502524 1.5649785626215809 1545214750.3918626
 
0.38881810006959533 1.2668336586558366 1.5707963267948961 1545214750.410732
 
0.388844500097052 1.271371437916238 1.5649785626215833 1545214750.4288836
 
0.3888582078616108 1.2760838069594735 1.567887444708241 1545214750.4469538
 
0.3888856232747389 1.2807961161914292 1.5649785626215809 1545214750.4643974
 
0.38894248391006103 1.285682707291514 1.559160798448268 1545214750.4812586
 
0.38897446833317617 1.2893477591614433 1.5620696805349232 1545214750.494975
 
0.3889957914322758 1.2930128885640755 1.5649785626215809 1545214750.5109303
 
0.3890485905936464 1.2975504374427258 1.559160798448268 1545214750.5293632
 
0.38909732828106536 1.3017389440999414 1.559160798448268 1545214750.54399
 
0.38914606596848433 1.305927450757157 1.559160798448268 1545214750.5641515
 
0.38920292660380645 1.3108140418572418 1.5591607984482703 1545214750.582886
 
0.38924100329799116 1.3151771988452527 1.562069680534928 1545214750.5945318
 
0.3892795873005312 1.318493099948882 1.559160798448268 1545214750.6107068
 
0.3893430470255545 1.3228559615785886 1.5562519163616104 1545214750.6273508
 
0.3894191975142362 1.327218620153328 1.5533430342749528 1545214750.6472774
 
0.3894826572392595 1.3315814817830347 1.5562519163616104 1545214750.6622684
 
0.38953850179728 1.3354208000171768 1.5562519163616104 1545214750.678763
 
0.38959942313330237 1.3396091471816953 1.5562519163616104 1545214750.6953382
 
0.3896755736219841 1.3439718057564343 1.5533430342749528 1545214750.7230902
 
0.38979132236478026 1.3506030467900374 1.553343034274955 1545214750.7377858
 
0.3898659484754885 1.3542674784180249 1.5504341521882974 1545214750.7752607
 
0.3904698601534605 1.3664698481215167 1.5213453313217236 1545214750.8284676
 
0.390799815821115 1.3778096889104021 1.5417075059283245 1545214750.8657887
 
0.39118912562113783 1.3880997696538833 1.532980859668354 1545214750.8977947
 
0.39165197695465814 1.398037373405883 1.5242542134083812 1545214750.9491124
 
0.39234400130904756 1.4088362640182996 1.50680092088844 1545214750.9987872
 
0.3931218148624921 1.4215534032044694 1.5097098029750955 1545214751.0466435
 
0.3938616970129235 1.4356711956496617 1.518436449235066 1545214751.0771532
 
0.3940824745718196 1.4407278330969733 1.5271630954950388 1545214751.0931273
 
0.3942722753848965 1.4445628635752135 1.5213453313217236 1545214751.1127875
 
0.3944915207534061 1.4492701495630027 1.5242542134083812 1545214751.124975
 
0.39465543963742705 1.4525822213396649 1.5213453313217236 1545214751.1378505
 
0.3948107235455423 1.4555452148158166 1.518436449235066 1545214751.1536672
 
0.3950091516683045 1.4595545648612493 1.5213453313217236 1545214751.166632
 
0.39516343544614463 1.4628670994452493 1.5242542134083812 1545214751.1792593
 
0.39541919717715796 1.4677473239942047 1.5184364492350684 1545214751.2004366
 
0.39562015282295415 1.4715817861398126 1.5184364492350684 1545214751.217021
 
0.3958393771638227 1.4757648357532027 1.518436449235066 1545214751.2342017
 
0.39606112725003007 1.4797729635463233 1.5155275671484083 1545214751.2479143
 
0.39629553681408186 1.4836055260407854 1.5097098029750955 1545214751.266978
 
0.39658983423925587 1.488658417691078 1.5126186850617553 1545214751.3050203
 
0.3974799244458383 1.499968086089578 1.492256510455152 1545214751.3599145
 
0.39839005119382703 1.5135511972023106 1.5038920388017825 1545214751.37674
 
0.3986467536099264 1.5173823311059014 1.5038920388017802 1545214751.3904922
 
0.39890242443962376 1.5210385943129796 1.5009831567151226 1545214751.4397628
 
0.3999046750188359 1.5342651779779053 1.4951653925418096 1545214751.470519
 
0.40065466670424676 1.543134704648384 1.4864387462818367 1545214751.53064
 
0.40230170726828623 1.5626128808659063 1.4864387462818367 1545214751.594597
 
0.40341934193674156 1.5758302147277965 1.4864387462818391 1545214751.60861
 
0.40369321584645923 1.5793101126965658 1.492256510455152 1545214751.6211097
 
0.4040126583277825 1.5829613569658145 1.4835298641951815 1545214751.6366937
 
0.40432505321234535 1.586788352204089 1.4893476283684968 1545214751.648608
 
0.40460904856194796 1.5902674387843387 1.4893476283684943 1545214751.660634
 
0.4049076762249986 1.5935700908055426 1.4806209821085214 1545214751.6743975
 
0.4051966956128625 1.5968735975253385 1.483529864195179 1545214751.6859963
 
0.40555359745761 1.600696698909149 1.4777121000218638 1545214751.7002285
 
0.4058780536801077 1.6041722456217036 1.4777121000218638 1545214751.714276
 
0.4062025099026055 1.6076477923342585 1.4777121000218638 1545214751.7310696
 
0.40665674861410234 1.6125135577318355 1.4777121000218638 1545214751.744551
 
0.4069868107680004 1.6161638573342187 1.4806209821085239 1545214751.7567737
 
0.40729504417937323 1.6194656267111456 1.4777121000218663 1545214751.76991
 
0.4076128807309239 1.6227664855055808 1.4748032179352086 1545214751.7812936
 
0.4079139890429192 1.625893614889782 1.4748032179352086 1545214751.7939966
 
0.40824855383402514 1.6293682030944505 1.4748032179352086 1545214751.8059065
 
0.408556787245398 1.6326699724713776 1.4777121000218663 1545214751.818797
 
0.4089014577741623 1.6361435727676223 1.4718943358485534 1545214751.83128
 
0.40921166125005015 1.639269813034242 1.471894335848551 1545214751.8444002
 
0.4095563317788145 1.6427434133304868 1.4718943358485486 1545214751.8562417
 
0.4098933664612787 1.6460423671763469 1.4689854537618934 1545214751.8679078
 
0.4102126624762448 1.6491676918724254 1.4689854537618958 1545214751.8807209
 
0.41060291316120334 1.6529875331676316 1.4689854537618934 1545214751.893209
 
0.4109495426719567 1.6562854926635282 1.4660765716752382 1545214751.9049175
 
0.41127792852424944 1.6594098753438518 1.4660765716752382 1545214751.9172957
 
0.4116063143765421 1.6625342580241746 1.4660765716752382 1545214751.9305174
 
0.41200767486267764 1.6663529479667918 1.4660765716752358 1545214751.9440892
 
0.41236389626868375 1.669649885206747 1.4631676895885781 1545214751.9556627
 
0.4127013691796369 1.672773299434073 1.4631676895885781 1545214751.9672966
 
0.4130671794666966 1.6760691865207589 1.460258807501923 1545214751.9802153
 
0.41342340087270263 1.6793661237607136 1.4631676895885806 1545214751.9922981
 
0.41377003038345606 1.6826640832566104 1.4660765716752358 1545214752.0046709
 
0.41413490355267013 1.6861356195680803 1.4660765716752358 1545214752.0167964
 
0.4145199670127329 1.6896049743961705 1.4602588075019252 1545214752.0296814
 
0.4148665241267894 1.6927273937414515 1.4602588075019205 1545214752.0417957
 
0.4152515875868522 1.696196748569542 1.4602588075019252 1545214752.0542402
 
0.4155874682835473 1.699144735609782 1.4573499254152653 1545214752.0662978
 
0.415953278570607 1.7024406226964677 1.460258807501923 1545214752.0790606
 
0.41639904336034544 1.7062543842084013 1.4544410433286077 1545214752.0910249
 
0.4167637600064951 1.709374734536347 1.4544410433286077 1545214752.1039057
 
0.41712847665264474 1.7124950848642926 1.4544410433286077 1545214752.1165297
 
0.41754338810150343 1.716136715914001 1.4573499254152653 1545214752.1293387
 
0.41795871234759335 1.7196025783697368 1.4515321612419547 1545214752.1409345
 
0.4183436910296402 1.7228962814936795 1.45444104332861 1545214752.1545455
 
0.41874893174758426 1.7263633374136191 1.45444104332861 1545214752.1664312
 
0.4191243278203612 1.7296581464585936 1.4573499254152653 1545214752.1793237
 
0.41953965206645105 1.7331240089143287 1.45153216124195 1545214752.1912453
 
0.4199437861133871 1.7364154165959156 1.4486232791552947 1545214752.206468
 
0.4204542712253063 1.7405729841937092 1.4486232791552947 1545214752.218698
 
0.420818987871456 1.7436933345216552 1.4544410433286052 1545214752.231031
 
0.42123269451192646 1.7469835527013402 1.445714397068637 1545214752.2440546
 
0.42163682855886253 1.750274960382927 1.4486232791552947 1545214752.2565198
 
0.4220622328187952 1.7537396000477548 1.4486232791552924 1545214752.2683523
 
0.4224876370787279 1.7572042397125829 1.4486232791552947 1545214752.280783
 
0.42290134371919835 1.760494457892268 1.4457143970686348 1545214752.293268
 
0.42332461945258765 1.7637834587295775 1.4428055149819794 1545214752.3067322
 
0.42381472819651217 1.7675917754885682 1.4428055149819794 1545214752.3203213
 
0.4243048369404366 1.771400092247558 1.4428055149819794 1545214752.3383994
 
0.42491992713030596 1.776072166086955 1.4398966328953196 1545214752.3557131
 
0.42555779843831865 1.7809172796981816 1.4398966328953196 1545214752.3818293
 
0.426469043164051 1.7878388705713624 1.4398966328953218 1545214752.3986025
 
0.42708751638360837 1.7923343826060776 1.434078868722009 1545214752.4147243
 
0.42759990279771126 1.7963158046722947 1.4428055149819794 1545214752.4267435
 
0.4280655902645867 1.79977526011711 1.4369877508086641 1545214752.4399276
 
0.42848470898477464 1.802888770017444 1.4369877508086641 1545214752.4531167
 
0.42903181990976774 1.8068655691250768 1.4340788687220043 1545214752.4647348
 
0.4293963178000607 1.8096342054743493 1.4398966328953196 1545214752.4767895
 
0.42987206643048953 1.8130922916549 1.434078868722009 1545214752.4899166
 
0.43033358191046256 1.8163761449275113 1.431169986635349 1545214752.5017264
 
0.43079926937733803 1.819835600372327 1.4369877508086641 1545214752.5146112
 
0.431218388097526 1.8229491102726612 1.4369877508086666 1545214752.526481
 
0.4316840755644014 1.8264085657174765 1.4369877508086641 1545214752.5393374
 
0.43216988133279416 1.8298652533728579 1.4311699866353513 1545214752.5509386
 
0.4326355687996696 1.8333247088176732 1.4369877508086641 1545214752.5641649
 
0.43305704877598733 1.8362616797166438 1.4282611045486937 1545214752.5757167
 
0.43350332169208844 1.839371413609671 1.4282611045486913 1545214752.588459
 
0.43401341774890084 1.8430009356478214 1.4311699866353513 1545214752.6004553
 
0.4345193253760905 1.8464547385177343 1.4253522224620385 1545214752.613901
 
0.434990391231975 1.8497372354048192 1.4282611045486937 1545214752.6253047
 
0.43543666414807614 1.8528469692978464 1.428261104548689 1545214752.6383467
 
0.43594676020488854 1.8564764913359968 1.431169986635349 1545214752.6501946
 
0.4363514863066403 1.859239533631927 1.4253522224620385 1545214752.663618
 
0.43690798469654896 1.8630387167888312 1.4253522224620336 1545214752.675011
 
0.4373981392655816 1.8663184175911538 1.4224433403753785 1545214752.688469
 
0.43796568666130364 1.8701159658885804 1.4224433403753785 1545214752.7092988
 
0.43873961492819735 1.8752944408396164 1.4224433403753785 1545214752.7444432
 
0.44052285432950744 1.8861444505700709 1.4078989299420928 1545214752.7800226
 
0.4418333966392105 1.8944188890630045 1.413716694115408 1545214752.8136723
 
0.443417739918852 1.9038865511745149 1.4049900478554327 1545214752.8448353
 
0.44491792544693837 1.9130143371382304 1.4078989299420903 1545214752.8832636
 
0.44673495026021814 1.9236817340556573 1.4020811657687797 1545214752.9129698
 
0.4478105549784688 1.9302261843692654 1.4078989299420928 1545214752.9283803
 
0.44842698729016384 1.9341928293889026 1.4166255762020632 1545214752.9500608
 
0.44960101477593956 1.941605347205489 1.413716694115408 1545214752.973141
 
0.45033695484632147 1.9460831289990097 1.4078989299420928 1545214752.9865787
 
0.4509596733674139 1.949872021285835 1.4078989299420928 1545214752.9990666
 
0.4514691703392168 1.9529720240659652 1.4078989299420928 1545214753.0129986
 
0.45205306050666866 1.9565904077500076 1.410807812028748 1545214753.0245748
 
0.452553537793056 1.9596918794791873 1.410807812028748 1545214753.0366514
 
0.453147950926826 1.9633085493893387 1.4078989299420903 1545214753.0492742
 
0.4536952695143386 1.966579196300588 1.4049900478554351 1545214753.0628865
 
0.45432900682619515 1.9703662611451922 1.4049900478554327 1545214753.0750265
 
0.4548475191722597 1.9734647687453233 1.4049900478554374 1545214753.0870185
 
0.45540434935697444 1.9767338097361475 1.4020811657687822 1545214753.0991676
 
0.4559318726898622 1.9798307959379815 1.4020811657687775 1545214753.113194
 
0.4565766234300583 1.9836160012957784 1.4020811657687775 1545214753.124759
 
0.4570663295346747 1.9865423695847906 1.4049900478554374 1545214753.1366177
 
0.45758484188073917 1.9896408771849212 1.4049900478554327 1545214753.1488416
 
0.4581609667096997 1.9930836634072886 1.4049900478554327 1545214753.1612732
 
0.4587571109941722 1.9965230396274134 1.399172283682122 1545214753.1743596
 
0.4592936408501975 1.9996184782255257 1.399172283682122 1545214753.186008
 
0.4599300946626764 2.0032279871612637 1.3962634015954645 1545214753.1988063
 
0.4604576179955642 2.0063249733630975 1.4020811657687775 1545214753.2132993
 
0.46114318392270753 2.0102802560162405 1.3991722836821199 1545214753.2249198
 
0.461719023086379 2.0135460021961946 1.3962634015954623 1545214753.2369022
 
0.46230435947095866 2.016810059513581 1.3933545195088046 1545214753.2488565
 
0.4627812748985367 2.0195615604896813 1.3991722836821174 1545214753.2613647
 
0.46343703361145644 2.0233448743318183 1.399172283682122 1545214753.2748036
 
0.4640128727751279 2.0266106205117724 1.396263401595467 1545214753.2866976
 
0.46457920984537676 2.0298780279208906 1.399172283682122 1545214753.2986794
 
0.465115739701402 2.0329734665190027 1.3991722836821174 1545214753.3129673
 
0.46581280816268855 2.036926738210526 1.3962634015954645 1545214753.3245802
 
0.4663583400019562 2.040020603012587 1.396263401595467 1545214753.3365893
 
0.46690387184122395 2.043114467814649 1.3962634015954623 1545214753.3484504
 
0.4674892082258036 2.0463785251320354 1.3933545195088068 1545214753.3604817
 
0.4681253302125916 2.0498107322367125 1.387536755335494 1545214753.3742676
 
0.4687201588652036 2.0530730730724214 1.3904456374221492 1545214753.3859906
 
0.46932447475265204 2.0563336698218637 1.3875367553354916 1545214753.3982627
 
0.4698969845407614 2.0594226562160736 1.3875367553354916 1545214753.410715
 
0.47059671872622805 2.0631980840312174 1.387536755335494 1545214753.4242718
 
0.4711692285143373 2.066287070425427 1.3875367553354916 1545214753.4359539
 
0.4718053505011253 2.069719277530104 1.3875367553354916 1545214753.4483054
 
0.4724001791537372 2.0729816183658123 1.390445637422147 1545214753.4601166
 
0.4729816720041913 2.0760689263300365 1.3846278732488364 1545214753.4732738
 
0.4736705548287108 2.0796687969758616 1.3817189911621788 1545214753.486838
 
0.47441357347095764 2.0836136904857034 1.3846278732488364 1545214753.5004969
 
0.47505967663812876 2.087044032668174 1.3846278732488364 1545214753.516774
 
0.47587977523874736 2.0913295929608235 1.3817189911621788 1545214753.532741
 
0.4767326777833906 2.0957865756651786 1.3817189911621763 1545214753.5488973
 
0.47751997243998456 2.0999007135461225 1.3817189911621763 1545214753.56687
 
0.4784384828726772 2.104700541073889 1.3817189911621788 1545214753.5838335
 
0.4793107221483583 2.109331503020225 1.3846278732488317 1545214753.5979111
 
0.479976771190707 2.1127580282958736 1.3788101090755212 1545214753.6138618
 
0.4809092398499951 2.117555163681781 1.3788101090755212 1545214753.6282265
 
0.4815514527399459 2.1208085083389423 1.375901226988861 1545214753.6405392
 
0.4822508042344119 2.1244063598783725 1.3788101090755212 1545214753.6531198
 
0.4828930171243626 2.127659704535534 1.375901226988866 1545214753.6647243
 
0.48350142933589496 2.1307418205265294 1.375901226988861 1545214753.6771512
 
0.48417744290426423 2.1341663938498576 1.375901226988861 1545214753.6902287
 
0.4848733682799603 2.1375869763533113 1.3700834628155507 1545214753.7029374
 
0.4855061148701915 2.1408421753651767 1.3788101090755187 1545214753.7162573
 
0.48665439174009 2.146486136495875 1.3700834628155507 1545214753.7369401
 
0.4873746627330428 2.150079858509234 1.372992344902206 1545214753.755723
 
0.4883141619902325 2.154697644888896 1.3700834628155507 1545214753.7692323
 
0.48907967990349804 2.1584602856426947 1.3700834628155507 1545214753.7840405
 
0.4898451978167637 2.1622229263964936 1.3700834628155507 1545214753.7956326
 
0.4905157766808546 2.1654705428826775 1.3671745807288906 1545214753.8083763
 
0.4912464983253355 2.1690621545113036 1.3700834628155507 1545214753.822281
 
0.4919667693182883 2.172655876524663 1.3729923449022035 1545214753.8418686
 
0.4930961652999152 2.178125546396131 1.3671745807288906 1545214753.8590941
 
0.49401379953498703 2.182569653166699 1.367174580728893 1545214753.8749676
 
0.49498014793350864 2.1871818956446183 1.3642656986422355 1545214753.8905768
 
0.4957675429248967 2.1909400191451454 1.364265698642233 1545214753.903188
 
0.49641177519057783 2.1940148474637584 1.3642656986422355 1545214753.916253
 
0.4971991701819659 2.1977729709642855 1.3642656986422355 1545214753.9344401
 
0.4982013092619143 2.202556037237683 1.3642656986422306 1545214753.9491637
 
0.49908412244640404 2.2066507416544887 1.3584479344689202 1545214753.9646428
 
0.4999187334647805 2.210577277781245 1.3613568165555778 1545214753.9810069
 
0.5008383305319573 2.2148425948820836 1.3584479344689202 1545214753.9982855
 
0.5017455164214969 2.219110568932906 1.3613568165555754 1545214754.011867
 
0.5025687020943116 2.223039516228911 1.364265698642233 1545214754.024939
 
0.5033043797480531 2.2264517699095827 1.3584479344689178 1545214754.0367677
 
0.50392126615294 2.2293539922641417 1.3613568165555754 1545214754.049126
 
0.5046937276893684 2.2329368586288463 1.3584479344689202 1545214754.0637069
 
0.5055739685027725 2.2368534180394946 1.3497212882089473 1545214754.0833075
 
0.5066923690590462 2.2419685669108893 1.3555390523822648 1545214754.0986867
 
0.5075870895040652 2.2460606860080046 1.3555390523822626 1545214754.114318
 
0.508433118805868 2.249984777740777 1.3584479344689224 1545214754.1337328
 
0.5097726156958307 2.2559447594526323 1.3497212882089473 1545214754.1489582
 
0.510443656029595 2.2590138487754694 1.3555390523822672 1545214754.1610727
 
0.5112369486475377 2.262592160533116 1.3526301702956096 1545214754.1740217
 
0.5119452689998445 2.2658317548183327 1.3555390523822648 1545214754.1866353
 
0.5126908693706936 2.2692418540659287 1.3555390523822648 1545214754.19918
 
0.513408610310737 2.272479374227609 1.3526301702956072 1545214754.2116992
 
0.5141914907001286 2.2760599784375852 1.3555390523822648 1545214754.22421
 
0.514956917494393 2.279465682272931 1.3497212882089473 1545214754.2371325
 
0.515645801609231 2.282530815724743 1.3497212882089449 1545214754.2491
 
0.5164112284034954 2.2859365195600887 1.3497212882089449 1545214754.26073
 
0.5170702591863828 2.2888294630194466 1.3468124061222944 1545214754.2742524
 
0.5178947478627509 2.2924007158297557 1.3439035240356343 1545214754.286951
 
0.5186799751735774 2.29580190898243 1.3439035240356343 1545214754.3002753
 
0.519465202484404 2.2992031021351047 1.3439035240356343 1545214754.3140724
 
0.5202504297952305 2.302604295287779 1.343903524035632 1545214754.3253443
 
0.52106452664468 2.3061779313258106 1.3468124061222944 1545214754.3384774
 
0.5217623239442079 2.3092410479298366 1.3468124061222873 1545214754.351616
 
0.5226151873102975 2.312984857112535 1.3468124061222944 1545214754.3641555
 
0.5232826305245002 2.3158758712923087 1.3439035240356343 1545214754.375836
 
0.524087631774862 2.3192724386445605 1.3380857598623168 1545214754.3888197
 
0.5248241955910304 2.322505728393255 1.3468124061222897 1545214754.4041677
 
0.5258578485289762 2.3269242914154895 1.3409946419489744 1545214754.420563
 
