0.0 0.0 0.0 1545218887.4921873
 
0.0 0.0 0.0 1545218887.5037422
 
0.00017452627952044015 1.5230677673878947e-06 0.00872664625997165 1545218887.5171938
 
0.0003489853685802141 6.599308808225901e-06 0.029088820866572163 1545218887.533747
 
0.0006974606548072999 2.6895682958157708e-05 0.058177641733144325 1545218887.5459664
 
0.0003497231053550633 -3.5274105011983804e-06 0.0872664625997165 1545218887.5590756
 
0.0003497231053550633 -3.5274105011983804e-06 0.12217304763960307 1545218887.5709789
 
0.0005220270903094807 2.4276883186986516e-05 0.1599885147661469 1545218887.5848181
 
0.0006931567099932657 5.857550189902606e-05 0.1978039818926907 1545218887.5970552
 
0.0006931567099932657 5.857550189902606e-05 0.2385283311058917 1545218887.6109357
 
0.0005255255438299174 9.97988368722779e-06 0.28216156240574997 1545218887.6243808
 
0.00036050142100016826 -4.68424786619603e-05 0.3316125578789227 1545218887.6363103
 
0.0005228899207970134 1.712405252741198e-05 0.37524578917878093 1545218887.6496751
 
0.0006823336818220315 8.811298862922921e-05 0.4188790204786391 1545218887.661986
 
0.0003713137317452787 -7.035959123536306e-05 0.471238898038469 1545218887.6751902
 
0.0005232194573216597 1.558453314661505e-05 0.5148721293383273 1545218887.6887598
 
0.00037574771965103706 -7.776335685138108e-05 0.5643231248114999 1545218887.700403
 
0.0003757477196510352 -7.776335685138235e-05 0.6108652381980154 1545218887.713762
 
0.0005135935279319419 2.928931765072652e-05 0.6603162336711881 1545218887.7269166
 
0.00038187185721962687 -8.521458378248501e-05 0.7155849933176751 1545218887.7397785
 
0.00038187185721962687 -8.521458378248501e-05 0.7621271067041906 1545218887.752071
 
0.00038187185721962687 -8.521458378248501e-05 0.8086692200907061 1545218887.7644134
 
0.00038187185721962687 -8.521458378248501e-05 0.8552113334772217 1545218887.7774155
 
0.0003818718572196241 -8.52145837824885e-05 0.901753446863737 1545218887.7901309
 
0.0003818718572196241 -8.52145837824885e-05 0.9482955602502524 1545218887.802253
 
0.0004773546878503704 6.088391392851447e-05 0.9919287915501106 1545218887.8153617
 
0.0004773546878503704 6.088391392851447e-05 1.038470904936626 1545218887.8296359
 
0.0007204756663423607 0.0005246164528182744 1.0879219004097989 1545218887.8418221
 
0.0008698352766235859 0.0008401139563445642 1.128646249623 1545218887.854764
 
0.0008698352766235824 0.0008401139563445559 1.1751883630095155 1545218887.8669553
 
0.0011086103809906187 0.0014961431639209093 1.2217304763960308 1545218887.880323
 
0.0011620609461505658 0.0016622900238453479 1.2595459435225747 1545218887.893876
 
0.001300518349619609 0.002167250641351957 1.3031791748224328 1545218887.9059594
 
0.0013790410807022696 0.002507369956619405 1.3439035240356338 1545218887.919411
 
0.0015122508891720044 0.0031926750117490152 1.3788101090755205 1545218887.9323745
 
0.0015896437158613732 0.0037105225068526032 1.4224433403753787 1545218887.9450574
 
0.0016686744680249322 0.004404166516320868 1.4573499254152653 1545218887.9570749
 
0.0017346120061309941 0.005274336494276486 1.4951653925418091 1545218887.9697142
 
0.0017630351073015084 0.005971889358924445 1.5300719775816956 1545218887.9828782
 
0.0017670966499871547 0.006670009245140092 1.564978562621582 1545218887.995494
 
0.0017467916858238026 0.007367845601379189 1.5998851476614688 1545218888.0083666
 
0.0016651136443376338 0.008586842752521827 1.6377006147880127 1545218888.0211406
 
0.0015982006861164511 0.009281760393455504 1.666789435654585 1545218888.0355906
 
0.0014079012339449357 0.010664994865675646 1.7075137848677857 1545218888.0480552
 
0.0012613669748094626 0.011525268810629463 1.7395114878210154 1545218888.0603273
 
0.001055575262537225 0.012552046528732172 1.7686003086875877 1545218888.0855868
 
0.0005252845425089054 0.014578196226355835 1.8267779504207318 1545218888.1148572
 
-0.00048021948249699184 0.017554530558514476 1.8965911205005048 1545218888.1447756
 
-0.001674006973779598 0.020460468587231977 1.9605865264069637 1545218888.1693377
 
-0.0028688838560294192 0.022984448615442334 2.0129464039667937 1545218888.197313
 
-0.004468129876046561 0.025889461700053035 2.0740329277865954 1545218888.2230258
 
-0.006209018142359298 0.028711871468055348 2.123483923259768 1545218888.2362978
 
-0.006969477694031061 0.02988287648807284 2.146754979953026 1545218888.2495117
 
-0.007859186530466303 0.03117741087797577 2.1729349187329405 1545218888.2616081
 
-0.009214096396098501 0.03299737067159978 2.2107503858594844 1545218888.2901978
 
-0.01108802708757131 0.03529776785369508 2.2543836171593425 1545218888.3036954
 
-0.012111647868933397 0.036489238204243525 2.2805635559392576 1545218888.3158047
 
-0.013279501089616208 0.037786270606617434 2.303834612632515 1545218888.3300855
 
-0.014360765928648425 0.038925686004154705 2.33001455141243 1545218888.342221
 
-0.015584083370624776 0.04017054287706159 2.3474678439323737 1545218888.3544667
 
-0.01671401968671411 0.041261709693755914 2.373647782712289 1545218888.3665323
 
-0.018121920774760922 0.04256696265992599 2.394009957318889 1545218888.380402
 
-0.019295345012689976 0.04361122156370079 2.41437213192549 1545218888.3929818
 
-0.020489787910327437 0.044631372172461964 2.43473430653209 1545218888.405383
 
-0.021836526867271965 0.04574153809686924 2.4521875990520337 1545218888.4173234
 
-0.023349398908343456 0.04692352327730227 2.4783675378319483 1545218888.432103
 
-0.024886023453648123 0.0480744601939864 2.4987297124385486 1545218888.444402
 
-0.026301002661645635 0.04909622730972356 2.5161830049584917 1545218888.456319
 
-0.027592943520192786 0.04998969802457033 2.5365451795650924 1545218888.4693096
 
-0.02919388937007768 0.05104934096686531 2.556907354171693 1545218888.4825275
 
-0.030816078484454522 0.05207616775684326 2.577269528778294 1545218888.495197
 
-0.03230686270772439 0.05298376711642694 2.594722821298237 1545218888.5072029
 
-0.034120662071958616 0.05403096466762354 2.6179938779914944 1545218888.5200973
 
-0.035647161431199705 0.05487711707948773 2.6354471705114375 1545218888.5339634
 
-0.03749640254535332 0.05586037602129939 2.6529004630313815 1545218888.5462399
 
-0.039204469657844375 0.056736947477967675 2.667444873464667 1545218888.5592813
 
-0.04093003035242108 0.057578559662261074 2.6878070480712677 1545218888.5713172
 
-0.04251183584444642 0.058316167676904125 2.705260340591211 1545218888.5843606
 
-0.04442516097674662 0.05916803491012592 2.7227136331111543 1545218888.5963223
 
-0.04635306183354659 0.059986380271986425 2.740166925631098 1545218888.6094594
 
-0.04797130293689886 0.060640192117465165 2.757620218151041 1545218888.6214716
 
-0.04992658920984474 0.06139075619584753 2.775073510670984 1545218888.6355119
 
-0.05205641776916836 0.06217297400584989 2.7896179211042704 1545218888.6480072
 
-0.05420173136595508 0.06291166471638933 2.8099800957108707 1545218888.6602528
 
-0.05602589532480998 0.06351024355884376 2.824524506144157 1545218888.6728883
 
-0.05785857201477935 0.06408222863685024 2.839068916577443 1545218888.6859922
 
-0.060037777174902884 0.06471397167360363 2.8594310911840437 1545218888.6991382
 
-0.06188929943909376 0.06522164881965678 2.8739755016173296 1545218888.713534
 
-0.06459887626174107 0.0658972221973976 2.897246558310587 1545218888.7258499
 
-0.06663681667309228 0.06638022294761471 2.908882086657216 1545218888.7401803
 
-0.06902388614640981 0.06690214320720915 2.92633537917716 1545218888.7523959
 
-0.07090520652330909 0.06728490216384196 2.9408797896104457 1545218888.7649403
 
-0.07296453078611514 0.06766657535591478 2.958333082130389 1545218888.7770188
 
-0.07520124304299504 0.068047564429667 2.9728774925636747 1545218888.790812
 
-0.07744325979322496 0.068395982692799 2.987421902996961 1545218888.8074503
 
-0.08072974246579964 0.0688383857863307 3.0077840776035614 1545218888.8245006
 
-0.08332913930760143 0.06914987897089814 3.0223284880368477 1545218888.8442132
 
-0.0868037275122698 0.06948444376200405 3.045599544730105 1545218888.8614972
 
-0.0897623054373189 0.06970863139156466 3.065961719336706 1545218888.8774045
 
-0.09220163244090852 0.06985070601061419 3.083415011856649 1545218888.8938832
 
-0.09516586818588404 0.06998012733824294 3.097959422289935 1545218888.9098427
 
-0.09813167269990021 0.07006642343593718 3.1125038327232217 1545218888.9250238
 
-0.10022574881577487 0.0701029756705044 3.12413936106985 1545218888.9388087
 
-0.10249459044954058 0.07012277555148044 3.1328660073298216 1545218888.9522507
 
-0.10476351847713321 0.07012277555148044 3.1415926535897936 1545218888.965212
 
-0.10685777180574102 0.07009840670777095 3.1532281819364223 1545218888.9770885
 
-0.10895159983218655 0.07004967231950333 3.1648637102830515 1545218888.9904823
 
-0.11069619072278426 0.06999890990909495 3.1706814744563654 1545218889.0035427
 
-0.11296349664931402 0.06991312978366619 3.1794081207163374 1545218889.0172539
 
-0.11505533145562692 0.06980960206744241 3.1910436490629666 1545218889.030106
 
-0.11714652856508104 0.06969390637029076 3.1968614132362805 1545218889.0447857
 
-0.11906246077050978 0.0695711278558023 3.2055880594962516 1545218889.0564442
 
-0.12115086871760328 0.06941287776434775 3.217223587842881 1545218889.0693166
 
-0.12289120867351455 0.06928100268813563 3.217223587842881 1545218889.0855448
 
-0.12549989298836126 0.06906041689830891 3.2259502341028528 1545218889.0993056
 
-0.12741144368026644 0.06888196597593516 3.234676880362824 1545218889.1124833
 
-0.1294956038580131 0.06867516365867657 3.2404946445361387 1545218889.12499
 
-0.13123137201374818 0.06849272707406952 3.246312408709453 1545218889.1368735
 
-0.13331298491060234 0.06826168899803184 3.252130172882768 1545218889.1513557
 
-0.1348736839319059 0.06808386980566383 3.255039054969425 1545218889.164428
 
-0.1371256997140441 0.06780735703670758 3.263765701229396 1545218889.1788852
 
-0.13885675278631235 0.06758458033492372 3.2695834654027105 1545218889.1915677
 
-0.14075870018561507 0.06732291858818788 3.278310111662683 1545218889.2040243
 
-0.14248774327589026 0.06708504427297349 3.2783101116626825 1545218889.2160306
 
-0.14438892148634988 0.0668178511003575 3.28121899374934 1545218889.228965
 
-0.1461158229213064 0.06656489728676263 3.2870367579226545 1545218889.241447
 
-0.14784122351433157 0.066301901105316 3.292854522095968 1545218889.254187
 
-0.14939338895679843 0.06606068846160923 3.2957634041826256 1545218889.26632
 
-0.15094484617422343 0.0658149617785399 3.298672286269283 1545218889.2793188
 
-0.15284019000872204 0.06550911454796987 3.3015811683559404 1545218889.291227
 
-0.15456158311990575 0.06522105213348961 3.3073989325292543 1545218889.3044524
 
-0.15628297623108947 0.06493298971900933 3.307398932529255 1545218889.3163276
 
-0.15765872671913933 0.06469453200522032 3.313216696702569 1545218889.3294113
 
-0.1593784148292017 0.06439645986298406 3.313216696702569 1545218889.341404
 
-0.1610963397330896 0.06408838808162635 3.319034460875884 1545218889.355287
 
-0.16264165907631994 0.06380662714091545 3.3219433429625407 1545218889.3672223
 
-0.16435683016755542 0.06348357555732986 3.3277611071358555 1545218889.3797538
 
-0.1660720012587909 0.06316052397374429 3.327761107135855 1545218889.3920882
 
-0.1676148029641447 0.06286528847752161 3.3306699892225127 1545218889.4054391
 
-0.16898618225779247 0.06260285692532368 3.3306699892225127 1545218889.4174235
 
-0.17052634883494652 0.06229416935691532 3.339396635482484 1545218889.4302278
 
-0.1720674068304441 0.06198996325114916 3.3364877533958275 1545218889.4425116
 
-0.17377769808217072 0.061642000563301144 3.3423055175691414 1545218889.4563396
 
-0.17514593108355203 0.06136363041302273 3.3423055175691414 1545218889.4692605
 
-0.1765141640849333 0.06108526026274432 3.3423055175691414 1545218889.4812338
 
-0.17788075444876136 0.06079893481133048 3.348123281742456 1545218889.49317
 
-0.17924734481258942 0.06051260935991664 3.3481232817424553 1545218889.506207
 
-0.18078381547088535 0.060186022439682386 3.351032163829113 1545218889.519145
 
-0.1823193296271874 0.05985496749549875 3.3539410459157706 1545218889.5309346
 
-0.1836842310994558 0.059560696434002185 3.3539410459157706 1545218889.543075
 
-0.18487776583611457 0.059299736304204965 3.3568499280024278 1545218889.5571167
 
-0.1865806177537875 0.05891702290707276 3.3626676921757417 1545218889.5698729
 
-0.18794289928792596 0.05861085218936697 3.3626676921757417 1545218889.5818803
 
-0.18930518082206435 0.0583046814716612 3.3626676921757417 1545218889.593819
 
-0.19049639283474123 0.0580333158551781 3.3655765742623993 1545218889.6068592
 
-0.19202692975344474 0.05767996356530612 3.3684854563490565 1545218889.6194863
 
-0.19304728769924712 0.05744439537205813 3.3684854563490565 1545218889.6315656
 
-0.1945767902838667 0.05708659243200002 3.3713943384357137 1545218889.6437244
 
-0.19559645867361314 0.05684805713862793 3.3713943384357137 1545218889.6562967
 
-0.19712491398212653 0.0564858065759651 3.3743032205223704 1545218889.6696982
 
-0.19831452710349742 0.056207515400364325 3.3713943384357137 1545218889.683233
 
-0.1996740849564926 0.05588946834253489 3.3713943384357137 1545218889.6954908
 
-0.20069375334623904 0.0556509330491628 3.3713943384357137 1545218889.709237
 
-0.20222220865475246 0.055288682486499964 3.3743032205223713 1545218889.721201
 
-0.20324117886042803 0.05504718211139142 3.3743032205223704 1545218889.7332203
 
-0.20442915282650864 0.0547619747957953 3.3772121026090276 1545218889.7456188
 
-0.20578683735917225 0.05443602357797116 3.377212102609028 1545218889.7593036
 
-0.2069739766658978 0.05414736179771265 3.3801209846956852 1545218889.7718048
 
-0.20833070730215558 0.05381746262027437 3.3801209846956852 1545218889.783743
 
-0.20917806058950245 0.053608809904286125 3.3830298667823424 1545218889.7958477
 
-0.210365199896228 0.05332014812402762 3.3801209846956852 1545218889.8098745
 
-0.21172193053248578 0.05299024894658934 3.3801209846956852 1545218889.8220882
 
-0.21290822513477134 0.052698135144205814 3.3830298667823424 1545218889.834345
 
-0.2139250490795876 0.05244775188501992 3.3830298667823424 1545218889.8462005
 
-0.2149418730244038 0.05219736862583404 3.3830298667823424 1545218889.8599365
 
-0.21629763828415877 0.05186352428025286 3.383029866782343 1545218889.872313
 
-0.21731446222897496 0.051613141021066976 3.383029866782343 1545218889.8862412
 
-0.21867022748872988 0.05127929667548581 3.3830298667823424 1545218889.9005344
 
-0.21985566734863812 0.050983733322724184 3.385938748869 1545218889.9137456
 
-0.22087175865713085 0.050730393306071375 3.385938748869 1545218889.925962
 
-0.2220580532594164 0.05043827950368785 3.3830298667823424 1545218889.9389193
 
-0.2229047960164937 0.050227162823143844 3.385938748868999 1545218889.9539027
 
-0.2242595844278174 0.049889376134273425 3.385938748869 1545218889.966418
 
-0.22527567573631013 0.049636036117620616 3.385938748869 1545218889.979411
 
-0.22629176704480286 0.04938269610096781 3.385938748869 1545218889.9915295
 
-0.22747634213162876 0.049083685698763736 3.3888476309556563 1545218890.0057507
 
-0.228661781991537 0.04878812234600211 3.385938748869 1545218890.0183454
 
-0.22967787330002973 0.0485347823293493 3.385938748869 1545218890.0301256
 
-0.23052399836204823 0.04832120347063211 3.3888476309556568 1545218890.0424662
 
-0.23153934843647045 0.04806490884017148 3.3888476309556577 1545218890.0557244
 
-0.2327247882963787 0.04776934548740985 3.385938748869 1545218890.069222
 
-0.23374087960487142 0.047516005470757045 3.385938748869 1545218890.094257
 
-0.23560235474131214 0.04704613198157921 3.3888476309556577 1545218890.1084569
 
-0.2366177048157343 0.04678983735111859 3.3888476309556563 1545218890.120327
 
-0.23763305489015657 0.04653354272065795 3.3888476309556563 1545218890.133466
 
-0.2386484049645788 0.046277248090197315 3.3888476309556568 1545218890.146398
 
-0.23966375503900106 0.04602095345973667 3.3888476309556568 1545218890.1600513
 
-0.24067910511342328 0.045764658829276036 3.3888476309556568 1545218890.1730797
 
-0.2416944551878455 0.045508364198815404 3.3888476309556568 1545218890.1854463
 
-0.2425411979449228 0.0452972475182714 3.385938748868999 1545218890.1992333
 
-0.2433873230069413 0.0450836686595542 3.3888476309556568 1545218890.2122874
 
-0.24457276286684948 0.04478810530679259 3.385938748869 1545218890.2247753
 
-0.24541888792886798 0.0445745264480754 3.3888476309556568 1545218890.2364151
 
-0.2464342380032902 0.04431823181761477 3.3888476309556568 1545218890.249369
 
-0.24744958807771247 0.04406193718715412 3.3888476309556568 1545218890.26524
 
-0.24829508828510968 0.043845897957480263 3.391756513042314 1545218890.277936
 
-0.24947966337193558 0.04354688755527619 3.3888476309556568 1545218890.2903144
 
-0.25032516357933277 0.043330848325602335 3.3917565130423144 1545218890.30246
 
-0.2510015637452505 0.04315801694186325 3.391756513042314 1545218890.3158045
 
-0.25201616399412713 0.04289876986625463 3.3917565130423144 1545218890.3285384
 
-0.2530307642430038 0.04263952279064599 3.3917565130423144 1545218890.340464
 
-0.2537071644089215 0.04246669140690692 3.391756513042314 1545218890.3529994
 
-0.2545520326074221 0.04224819363431158 3.3946653951289716 1545218890.365839
 
-0.2555658744456228 0.041985996307197175 3.3946653951289716 1545218890.379249
 
-0.25624176900442325 0.04181119808912091 3.3946653951289716 1545218890.3911452
 
-0.25708599804509985 0.04159024362244243 3.3975742772156288 1545218890.4034042
 
-0.25809907289391165 0.04132509826242827 3.3975742772156288 1545218890.4163067
 
-0.25877445612645283 0.04114833468908551 3.397574277215628 1545218890.4292564
 
-0.25944983935899407 0.04097157111574273 3.3975742772156288 1545218890.441159
 
-0.26029342209832734 0.040748161824607027 3.4004831593022855 1545218890.4531646
 
-0.26113765113900395 0.040527207357928544 3.3975742772156288 1545218890.466328
 
-0.2619812338783372 0.04030379806679284 3.4004831593022855 1545218890.4796813
 
-0.26282546291901376 0.04008284360011437 3.397574277215629 1545218890.4915416
 
-0.26366904565834703 0.03985943430897866 3.4004831593022864 1545218890.503582
 
-0.26434391184981365 0.039680706876070095 3.4004831593022855 1545218890.5164275
 
-0.26518684114975316 0.039454844650874774 3.403392041388943 1545218890.5295687
 
-0.2658611845897048 0.0392741548707185 3.4033920413889427 1545218890.54151
 
-0.2665355280296564 0.039093465090562246 3.4033920413889422 1545218890.5535572
 
-0.2672098714696081 0.03891277531040596 3.403392041388943 1545218890.5664704
 
-0.2682213866295356 0.03864174064017156 3.403392041388943 1545218890.5798647
 
-0.2688957300694872 0.038461050860015306 3.403392041388943 1545218890.5923975
 
-0.2697379987975117 0.03823273761191367 3.4063009234756003 1545218890.6048157
 
-0.2704118137799314 0.03805008701343234 3.4063009234756003 1545218890.6179655
 
-0.2712547430798709 0.03782422478823702 3.4033920413889427 1545218890.630103
 
-0.27192908651982256 0.03764353500808075 3.403392041388943 1545218890.642435
 
-0.2726034299597742 0.03746284522792448 3.403392041388943 1545218890.6549692
 
-0.2732777733997258 0.03728215544776822 3.403392041388943 1545218890.6680443
 
-0.2741200421277503 0.037053842199666585 3.4063009234756003 1545218890.6802292
 
-0.27479385711016996 0.03687119160118527 3.4063009234756 1545218890.6929767
 
-0.2754676720925896 0.03668854100270396 3.4063009234756008 1545218890.7062554
 
-0.27630927312176734 0.036457778663588875 3.409209805562258 1545218890.7207825
 
-0.27698255394510946 0.036273168792296834 3.4092098055622575 1545218890.7330606
 
-0.27765583476845157 0.03608855892100479 3.4092098055622575 1545218890.7452755
 
-0.27832911559179374 0.03590394904971274 3.4092098055622566 1545218890.757266
 
-0.27900239641513597 0.03571933917842066 3.4092098055622575 1545218890.7708786
 
-0.2796756772384781 0.03553472930712862 3.4092098055622575 1545218890.7830615
 
-0.28034895806182025 0.03535011943583656 3.4092098055622575 1545218890.7956545
 
-0.28102223888516237 0.03516550956454452 3.4092098055622575 1545218890.8083546
 
-0.28169551970850454 0.03498089969325246 3.4092098055622575 1545218890.8213391
 
-0.28236880053184676 0.03479628982196038 3.4092098055622575 1545218890.8337216
 
-0.2830420813551889 0.03461167995066834 3.4092098055622575 1545218890.8456998
 
-0.28371536217853105 0.03442707007937628 3.4092098055622575 1545218890.8585181
 
-0.2843886430018732 0.03424246020808422 3.409209805562258 1545218890.8714643
 
-0.28506192382521534 0.03405785033679218 3.4092098055622575 1545218890.8913739
 
-0.28590285003426413 0.033824640859279755 3.412118687648915 1545218890.9074407
 
-0.2867430943076121 0.03358898621669272 3.415027569735572 1545218890.9255605
 
-0.28758402051666077 0.03335577673918033 3.4121186876489142 1545218890.9428027
 
-0.2882567614838998 0.03316920915717039 3.412118687648914 1545218890.959553
 
-0.28926587293475836 0.03288935778415547 3.412118687648915 1545218890.9774218
 
-0.2901061172081063 0.03265370314156844 3.415027569735572 1545218890.9943902
 
-0.2907783126267846 0.03246517942749883 3.415027569735572 1545218891.0101154
 
-0.29145050804546296 0.03227665571342921 3.415027569735572 1545218891.0241814
 
-0.2921227034641413 0.032088131999359594 3.415027569735572 1545218891.037235
 
-0.2927948988828196 0.03189960828528999 3.4150275697355714 1545218891.0502264
 
-0.2932994546082489 0.03175968259878253 3.412118687648915 1545218891.063084
 
-0.2938036011722576 0.031618289813230324 3.4150275697355714 1545218891.0801973
 
-0.29447579659093603 0.03142976609916069 3.4150275697355728 1545218891.093265
 
-0.29514799200961434 0.031241242385091086 3.415027569735572 1545218891.1064403
 
-0.2956517251463215 0.03109838369690177 3.417936451822229 1545218891.1211064
 
-0.29615587171033025 0.03095699091134955 3.415027569735572 1545218891.133365
 
-0.2968280671290086 0.030768467197279933 3.415027569735572 1545218891.145478
 
-0.29733180026571576 0.030625608509090615 3.4179364518222286 1545218891.157375
 
-0.2976676223568539 0.030530369383631056 3.417936451822229 1545218891.1699467
 
-0.2983392665391301 0.030339891132711964 3.417936451822229 1545218891.183201
 
-0.29867508863026826 0.030244652007252404 3.417936451822229 1545218891.195814
 
-0.2993467328125445 0.030054173756333312 3.417936451822229 1545218891.2084665
 
-0.2996825549036826 0.029958934630873752 3.417936451822229 1545218891.2202077
 
-0.30035419908595884 0.02976845637995466 3.417936451822229 1545218891.233461
 
-0.30069002117709703 0.029673217254495083 3.417936451822229 1545218891.245674
 
-0.30119333662411985 0.029528893872480158 3.4208453339088862 1545218891.2580376
 
-0.30169706976082705 0.029386035184290824 3.417936451822229 1545218891.270214
 
-0.30203289185196514 0.029290796058831278 3.417936451822229 1545218891.2832565
 
-0.302536207298988 0.02914647267681634 3.4208453339088862 1545218891.2957988
 
-0.30320729456168516 0.028954041500796425 3.4208453339088867 1545218891.3093262
 
-0.3035428381930337 0.028857825912786475 3.4208453339088862 1545218891.3212304
 
-0.3038783818243822 0.028761610324776525 3.4208453339088867 1545218891.3341987
 
-0.30454946908707936 0.02856917914875661 3.4208453339088862 1545218891.3461435
 
-0.3048850127184279 0.02847296356074666 3.4208453339088867 1545218891.3591635
 
-0.3052205563497765 0.02837674797273668 3.4208453339088867 1545218891.371235
 
-0.3058916436124736 0.02818431679671678 3.4208453339088867 1545218891.3844383
 
-0.30622718724382214 0.02808810120870683 3.4208453339088853 1545218891.396253
 
-0.30656273087517066 0.02799188562069688 3.4208453339088862 1545218891.4096184
 
-0.3070656243736607 0.027846098766061495 3.423754215995543 1545218891.4215446
 
-0.3074008867059874 0.02774890752963789 3.423754215995544 1545218891.4351773
 
-0.3079042021530103 0.02760458414762295 3.4208453339088867 1545218891.447155
 
-0.3084070956515004 0.027458797292987547 3.423754215995543 1545218891.459689
 
-0.30874235798382704 0.02736160605656396 3.423754215995544 1545218891.4715421
 
-0.3090776203161537 0.02726441482014037 3.423754215995543 1545218891.4852114
 
-0.30958008761083283 0.02711716572647297 3.4266630980822006 1545218891.4970458
 
-0.3100829811093229 0.026971378871837568 3.423754215995543 1545218891.5102477
 
-0.31041824344164964 0.026874187635413962 3.423754215995544 1545218891.5235445
 
-0.3107535057739763 0.026776996398990373 3.423754215995543 1545218891.5363617
 
-0.311088768106303 0.026679805162566784 3.423754215995543 1545218891.5494087
 
-0.31159123540098216 0.02653255606889937 3.4266630980822006 1545218891.5613468
 
-0.3119267790323307 0.02643634048088942 3.4208453339088862 1545218891.573523
 
-0.31226175722878347 0.026338174418444472 3.4266630980822006 1545218891.5863607
 
-0.31276465072727355 0.02619238756380907 3.423754215995544 1545218891.599265
 
-0.3130999130596002 0.02609519632738548 3.423754215995544 1545218891.6143854
 
-0.3134351753919269 0.025998005090961892 3.423754215995543 1545218891.6262012
 
-0.3139384908389497 0.025853681708946967 3.4208453339088867 1545218891.6400352
 
-0.31427403447029834 0.025757466120936986 3.4208453339088867 1545218891.6520464
 
-0.31460957810164675 0.025661250532927067 3.4208453339088862 1545218891.6642277
 
-0.3149451217329954 0.025565034944917086 3.4208453339088867 1545218891.6761847
 
-0.31528066536434396 0.025468819356907122 3.4208453339088867 1545218891.6897209
 
-0.31578355886283394 0.02532303250227175 3.423754215995544 1545218891.7016053
 
-0.3161188211951607 0.02522584126584813 3.4237542159955443 1545218891.7142756
 
-0.3164540835274874 0.02512865002942454 3.423754215995543 1545218891.7264383
 
-0.3167893458598141 0.025031458793000935 3.423754215995544 1545218891.7400663
 
-0.3171246081921407 0.02493426755657736 3.423754215995543 1545218891.7521255
 
-0.31745987052446745 0.024837076320153754 3.423754215995543 1545218891.7642395
 
-0.3177951328567941 0.024739885083730165 3.423754215995544 1545218891.776162
 
-0.3181303951891208 0.024642693847306576 3.423754215995543 1545218891.790018
 
-0.31863371063614365 0.024498370465291637 3.4208453339088862 1545218891.802088
 
-0.318801341802307 0.02444977484707984 3.423754215995544 1545218891.8148105
 
-0.3191366041346337 0.024352583610656252 3.423754215995543 1545218891.8264463
 
-0.31947186646696046 0.02425539237423263 3.423754215995543 1545218891.8401773
 
-0.3199751819139833 0.024111068992217707 3.4208453339088867 1545218891.8524618
 
-0.32014281308014664 0.02406247337400591 3.423754215995543 1545218891.8649583
 
-0.32047807541247336 0.023965282137582304 3.423754215995543 1545218891.8768446
 
-0.32081333774480003 0.023868090901158715 3.423754215995543 1545218891.8913515
 
-0.32131665319182284 0.02372376751914379 3.4208453339088862 1545218891.9038115
 
-0.32148428435798626 0.02367517190093198 3.423754215995544 1545218891.9164286
 
-0.321987599805009 0.023530848518917073 3.4208453339088862 1545218891.9293172
 
-0.321987599805009 0.023530848518917073 3.4208453339088862 1545218891.9420705
 
-0.32265868706770623 0.02333841734289714 3.4208453339088867 1545218891.9539912
 
-0.32265868706770623 0.02333841734289714 3.4208453339088867 1545218891.96614
 
-0.3229942306990548 0.023242201754887178 3.4208453339088862 1545218891.9790902
 
-0.32332977433040333 0.023145986166877228 3.4208453339088867 1545218891.9919007
 
-0.32366531796175185 0.023049770578867278 3.4208453339088867 1545218892.0038733
 
-0.32400086159310043 0.022953554990857314 3.4208453339088862 1545218892.0163205
 
-0.3241687726386695 0.022905935428127543 3.417936451822229 1545218892.0312808
 
-0.3246720880856923 0.022761612046112618 3.4208453339088853 1545218892.0443935
 
-0.3248399991312614 0.022713992483382846 3.417936451822229 1545218892.0561733
 
-0.3251758212223995 0.022618753357923287 3.417936451822229 1545218892.0691893
 
-0.3255116433135376 0.02252351423246374 3.4179364518222295 1545218892.0859272
 
-0.3258474654046757 0.022428275107004195 3.417936451822229 1545218892.0991242
 
-0.3261832874958138 0.022333035981544635 3.417936451822229 1545218892.1111913
 
-0.3265191095869519 0.02223779685608509 3.4179364518222295 1545218892.1238697
 
-0.32668688140262625 0.0221896890620801 3.4208453339088862 1545218892.1368644
 
-0.3270229791119654 0.022095427205045298 3.4150275697355714 1545218892.149688
 
-0.32719089015753444 0.022047807642315526 3.417936451822229 1545218892.1618886
 
-0.3275267122486725 0.02195256851685598 3.4179364518222295 1545218892.1738725
 
-0.3278625343398106 0.021857329391396434 3.417936451822229 1545218892.1869702
 
-0.32803030615548495 0.021809221597391446 3.4208453339088867 1545218892.1996114
 
-0.3281982172010541 0.021761602034661657 3.417936451822229 1545218892.2118702
 
-0.32853403929219216 0.02166636290920211 3.4179364518222286 1545218892.2244315
 
-0.32886986138333024 0.021571123783742565 3.417936451822229 1545218892.237351
 
-0.32903791023799983 0.021523992855225164 3.4150275697355714 1545218892.2500763
 
-0.32920582128356896 0.021476373292495375 3.417936451822229 1545218892.2623422
 
-0.32954164337470704 0.02138113416703583 3.4179364518222286 1545218892.2745016
 
-0.32970969222937657 0.021334003238518442 3.4150275697355714 1545218892.2864938
 
-0.3300457899387158 0.02123974138148361 3.4150275697355714 1545218892.3001008
 
-0.33038188764805493 0.02114547952444881 3.415027569735572 1545218892.3121169
 
-0.33038188764805493 0.02114547952444881 3.415027569735572 1545218892.3252106
 
-0.33071798535739405 0.021051217667414007 3.4150275697355714 1545218892.3370814
 
-0.33105408306673323 0.02095695581037919 3.4150275697355714 1545218892.3503864
 
-0.33122199411230235 0.0209093362476494 3.417936451822229 1545218892.3627872
 
-0.3313900429669719 0.020862205319132014 3.4150275697355728 1545218892.375053
 
-0.33172614067631107 0.020767943462097198 3.415027569735572 1545218892.3872125
 
-0.33189405172188013 0.020720323899367427 3.417936451822229 1545218892.4005215
 
-0.3320621005765497 0.020673192970850025 3.4150275697355714 1545218892.4130244
 
-0.33239819828588885 0.020578931113815223 3.4150275697355728 1545218892.4256887
 
-0.3327342959952281 0.020484669256780393 3.415027569735572 1545218892.43793
 
-0.3327342959952281 0.020484669256780393 3.415027569735572 1545218892.4514337
 
-0.3330703937045672 0.02039040739974559 3.4150275697355714 1545218892.463504
 
-0.3330703937045672 0.02039040739974559 3.4150275697355714 1545218892.4755366
 
-0.3334064914139063 0.020296145542710788 3.4150275697355714 1545218892.4873984
 
-0.3337425891232455 0.02020188368567597 3.415027569735572 1545218892.5011187
 
-0.3337425891232455 0.02020188368567597 3.415027569735572 1545218892.5134156
 
-0.3340786868325846 0.02010762182864117 3.4150275697355714 1545218892.5258763
 
-0.33441478454192375 0.020013359971606366 3.4150275697355714 1545218892.5397625
 
-0.3345829697837335 0.019966718076103885 3.4121186876489142 1545218892.5530171
 
-0.3347510186384031 0.01991958714758647 3.415027569735572 1545218892.565446
 
-0.3350871163477422 0.019825325290551685 3.415027569735572 1545218892.577283
 
-0.3350871163477422 0.019825325290551685 3.415027569735572 1545218892.589841
 
-0.33542321405708136 0.01973106343351687 3.4150275697355714 1545218892.6029193
 
-0.33559139929889104 0.0196844215380144 3.412118687648915 1545218892.615259
 
-0.3357594481535607 0.019637290609496986 3.4150275697355728 1545218892.6281493
 
-0.33592763339537046 0.01959064871399449 3.412118687648915 1545218892.6403227
 
-0.33626400387899 0.019497364922989514 3.412118687648915 1545218892.6535351
 
-0.33643205273365956 0.019450233994472127 3.4150275697355714 1545218892.6656196
 
-0.3366002379754693 0.019403592098969646 3.412118687648915 1545218892.6784391
 
-0.33693660845908885 0.01931030830796467 3.412118687648915 1545218892.690388
 
-0.33693660845908885 0.01931030830796467 3.412118687648915 1545218892.7035725
 
-0.3371046573137584 0.019263177379447282 3.4150275697355714 1545218892.7156363
 
-0.33727284255556816 0.019216535483944787 3.4121186876489142 1545218892.727942
 
-0.33760921303918767 0.019123251692939824 3.412118687648915 1545218892.7405114
 
-0.3377772618938573 0.01907612076442241 3.4150275697355728 1545218892.7539296
 
-0.33794544713566704 0.019029478868919928 3.412118687648915 1545218892.7659276
 
-0.33828181761928655 0.018936195077914966 3.412118687648914 1545218892.7788856
 
-0.33828181761928655 0.018936195077914966 3.412118687648914 1545218892.790395
 
-0.3384498664739562 0.01888906414939755 3.4150275697355714 1545218892.8039832
 
-0.33861805171576587 0.018842422253895083 3.412118687648915 1545218892.8160086
 
-0.3389544221993855 0.01874913846289009 3.412118687648915 1545218892.828972
 
-0.3389544221993855 0.01874913846289009 3.412118687648915 1545218892.8414366
 
-0.339122471054055 0.018702007534372702 3.4150275697355714 1545218892.8548303
 
-0.3392906562958648 0.018655365638870207 3.4121186876489142 1545218892.866947
 
-0.3396270267794843 0.018562081847865244 3.412118687648915 1545218892.8795633
 
-0.3397950756341539 0.018514950919347843 3.4150275697355728 1545218892.8932579
 
-0.3399632608759637 0.018468309023845348 3.412118687648915 1545218892.9142034
 
-0.34046740743997245 0.01832691623829313 3.415027569735572 1545218892.9657261
 
-0.3409719631654016 0.0181869905517857 3.412118687648914 1545218893.0038517
 
-0.34147610972941045 0.01804559776623347 3.415027569735572 1545218893.0399363
 
-0.3418122074387495 0.017951335909198684 3.415027569735572 1545218893.0702512
 
-0.3424844028574279 0.01776281219512905 3.415027569735572 1545218893.119797
 
-0.342820500566767 0.017668550338094266 3.415027569735572 1545218893.1635594
 
-0.34332423370347426 0.017525691649904918 3.417936451822229 1545218893.2062974
 
-0.34382838026748297 0.017384298864352714 3.4150275697355714 1545218893.2515683
 
-0.3443321134041901 0.017241440176163397 3.417936451822229 1545218893.292957
 
-0.34466793549532826 0.017146201050703837 3.417936451822229 1545218893.328833
 
-0.34500375758646634 0.01705096192524429 3.417936451822229 1545218893.3593862
 
-0.3453395796776044 0.016955722799784745 3.417936451822229 1545218893.3728642
 
-0.3453395796776044 0.016955722799784745 3.417936451822229 1545218893.3850467
 
-0.34567540176874256 0.016860483674325185 3.417936451822229 1545218893.3969545
 
-0.34567540176874256 0.016860483674325185 3.417936451822229 1545218893.4102018
 
-0.34584345062341215 0.016813352745807784 3.415027569735572 1545218893.422447
 
-0.3460113616689812 0.016765733183078012 3.4179364518222295 1545218893.4349945
 
-0.3460113616689812 0.016765733183078012 3.4179364518222295 1545218893.4474573
 
-0.3463471837601193 0.016670494057618467 3.417936451822229 1545218893.4614012
 
-0.3463471837601193 0.016670494057618467 3.417936451822229 1545218893.4737487
 
-0.34651523261478895 0.01662336312910105 3.4150275697355714 1545218893.4857547
 
-0.34651523261478895 0.01662336312910105 3.4150275697355714 1545218893.498334
 
-0.34685133032412807 0.01652910127206625 3.4150275697355728 1545218893.5114064
 
-0.34685133032412807 0.01652910127206625 3.4150275697355728 1545218893.523498
 
-0.34718742803346725 0.016434839415031433 3.4150275697355728 1545218893.5357676
 
-0.34718742803346725 0.016434839415031433 3.4150275697355728 1545218893.548003
 
-0.34718742803346725 0.016434839415031433 3.4150275697355728 1545218893.562044
 
-0.34718742803346725 0.016434839415031433 3.4150275697355728 1545218893.5739694
 
-0.34752352574280637 0.01634057755799663 3.4150275697355714 1545218893.5860968
 
-0.34752352574280637 0.01634057755799663 3.4150275697355714 1545218893.5992417
 
-0.3476914367883755 0.01629295799526684 3.417936451822229 1545218893.6120276
 
-0.34785948564304503 0.016245827066749454 3.4150275697355728 1545218893.623963
 
-0.34785948564304503 0.016245827066749454 3.4150275697355728 1545218893.6359222
 
-0.34785948564304503 0.016245827066749454 3.4150275697355728 1545218893.648879
 
-0.3480273966886141 0.016198207504019683 3.417936451822229 1545218893.6631856
 
-0.3480273966886141 0.016198207504019683 3.417936451822229 1545218893.6763291
 
-0.3481954455432837 0.01615107657550228 3.4150275697355714 1545218893.6895623
 
-0.3483633565888528 0.016103457012772493 3.417936451822229 1545218893.7014918
 
-0.3485314054435224 0.01605632608425509 3.4150275697355714 1545218893.7151918
 
-0.3485314054435224 0.01605632608425509 3.4150275697355714 1545218893.7270415
 
-0.3485314054435224 0.01605632608425509 3.4150275697355714 1545218893.7396219
 
-0.3486993164890915 0.016008706521525303 3.417936451822229 1545218893.7515311
 
-0.34886736534376106 0.015961575593007916 3.415027569735572 1545218893.7653804
 
-0.34886736534376106 0.015961575593007916 3.415027569735572 1545218893.7773995
 
-0.3490352763893302 0.015913956030278127 3.4179364518222286 1545218893.7899153
 
-0.3492033252439997 0.01586682510176074 3.4150275697355714 1545218893.8020346
 
-0.3492033252439997 0.01586682510176074 3.4150275697355714 1545218893.8151817
 
-0.3492033252439997 0.01586682510176074 3.4150275697355714 1545218893.827057
 
-0.34937123628956884 0.01581920553903095 3.417936451822229 1545218893.8398902
 
-0.3495392851442385 0.015772074610513536 3.4150275697355714 1545218893.8520947
 
-0.3495392851442385 0.015772074610513536 3.4150275697355714 1545218893.865684
 
-0.3498753828535776 0.015677812753478734 3.4150275697355728 1545218893.8774815
 
-0.3498753828535776 0.015677812753478734 3.4150275697355728 1545218893.8911965
 
-0.3498753828535776 0.015677812753478734 3.4150275697355728 1545218893.903484
 
-0.3498753828535776 0.015677812753478734 3.4150275697355728 1545218893.9168353
 
-0.3500432938991466 0.015630193190748976 3.417936451822229 1545218893.9294276
 
