0.0 0.0 0.0 1545218825.5595827
 
0.0 0.0 0.0 1545218825.5716
 
0.000349059943107823 2.0307713428230697e-06 0.005817764173314433 1545218825.58451
 
0.0010471798293234691 6.09231402846921e-06 0.005817764173314433 1545218825.5961795
 
0.00226886378596655 1.675378840018447e-05 0.00872664625997165 1545218825.6090002
 
0.003665074022130071 2.8938330539287625e-05 0.008726646259971648 1545218825.6214252
 
0.005061284258293593 4.112287267839079e-05 0.008726646259971648 1545218825.633481
 
0.006806547053497995 5.635355035226974e-05 0.008726646259971651 1545218825.6454263
 
0.0085518689213629 6.143050018885893e-05 0.0029088820866572202 1545218825.6570697
 
0.010471698608455926 7.25997425743858e-05 0.005817764173314422 1545218825.6709769
 
0.01221699832399504 8.275359928850112e-05 0.005817764173314422 1545218825.6829908
 
0.014311357982641978 9.493822734543956e-05 0.0058177641733144405 1545218825.6952949
 
0.016405717641288918 0.000107122855402378 0.0058177641733144405 1545218825.7096806
 
0.01902361183409552 0.00012996887191319646 0.008726646259971662 1545218825.722286
 
0.021467062449106386 0.0001370766016844213 0.0029088820866572202 1545218825.734006
 
0.02338689213619942 0.00014824584406994824 0.0058177641733144405 1545218825.7457526
 
0.02583035308899148 0.00014824584406994824 0.0 1545218825.757432
 
0.027924748191384675 0.00014824584406994824 0.0 1545218825.77138
 
0.030193666619609046 0.0001416458092823823 -0.0029088820866572202 1545218825.783102
 
0.03263711723461992 0.0001345380795111573 -0.002908882086657257 1545218825.795055
 
0.03473150347605781 0.00012844573970725035 -0.0029088820866571834 1545218825.8063996
 
0.03717495409106867 0.0001213380099360255 -0.0029088820866572202 1545218825.8199863
 
0.03979290366437735 0.00010610722486485244 -0.0058177641733144405 1545218825.8321016
 
0.04206174529814306 8.630734388880995e-05 -0.008726646259971623 1545218825.8438885
 
0.044156131539580964 8.021500408490279e-05 -0.002908882086657257 1545218825.8557372
 
0.046599499452867114 5.8892055341472444e-05 -0.008726646259971623 1545218825.8695898
 
0.04904295006787798 5.178432557024766e-05 -0.0029088820866571834 1545218825.881794
 
0.05148631798116415 3.0461376826817192e-05 -0.008726646259971623 1545218825.8947735
 
0.05358063333540943 1.2184563618162342e-05 -0.008726646259971698 1545218825.9063272
 
0.05584940777473456 -1.4215017067117442e-05 -0.011635528346628881 1545218825.9190423
 
0.05811824940850028 -3.401489804316016e-05 -0.008726646259971698 1545218825.931569
 
0.06056145192113618 -6.95523440562065e-05 -0.014544410433286064 1545218825.943764
 
0.06265576727538145 -8.782915726486103e-05 -0.00872664625997155 1545218825.9556386
 
0.06492454171470657 -0.0001142287379501409 -0.011635528346628956 1545218825.9689777
 
0.06701879504331439 -0.00013859758165962982 -0.011635528346628806 1545218825.9814765
 
0.06911304837192218 -0.00016296642536911874 -0.011635528346628881 1545218825.9934094
 
0.0713817364193698 -0.000195965482381233 -0.014544410433285991 1545218826.0054731
 
0.07347569734964832 -0.0002386089742145076 -0.02036217460660058 1545218826.0170395
 
0.07556987093190766 -0.00026906964222569047 -0.014544410433286139 1545218826.0301595
 
0.07783845339077189 -0.0003086678963401809 -0.017453292519943247 1545218826.0419588
 
0.07993252950664657 -0.00034522013090740333 -0.017453292519943396 1545218826.0538797
 
0.08150315969334108 -0.00036806563191579003 -0.014544410433285916 1545218826.0656176
 
0.08377174215220531 -0.00040766388603028045 -0.017453292519943247 1545218826.0834327
 
0.0865638436400382 -0.0004564001987865767 -0.017453292519943396 1545218826.0958958
 
0.08883230131450659 -0.0005025973149392906 -0.02036217460660043 1545218826.1079664
 
0.09075164367208166 -0.0005472705041846132 -0.023271056693257762 1545218826.1200535
 
0.0926711078581703 -0.0005863603716984481 -0.02036217460660043 1545218826.1328304
 
0.09476506878844881 -0.0006290038635317227 -0.02036217460660058 1545218826.1447794
 
0.09651003623034758 -0.0006645401067261181 -0.02036217460660043 1545218826.15613
 
0.09842937858792265 -0.0007092132959714407 -0.023271056693257762 1545218826.1688135
 
0.10052320661436817 -0.0007579476842390652 -0.023271056693257762 1545218826.1821449
 
0.10261703464081369 -0.0008066820725066896 -0.023271056693257762 1545218826.1938624
 
0.10436209807070926 -0.0008371422679793749 -0.017453292519943247 1545218826.2055638
 
0.10610695475941385 -0.0008777542582023951 -0.023271056693257762 1545218826.219159
 
0.10820078278585936 -0.000926488646470019 -0.023271056693257613 1545218826.2320225
 
0.11029461081230489 -0.0009752230347376437 -0.023271056693257762 1545218826.2437706
 
0.11203967424220045 -0.0010056832302103287 -0.017453292519943247 1545218826.2555337
 
0.11395887853057572 -0.001055939363180971 -0.026179938779915094 1545218826.2671528
 
0.11570384597247446 -0.001091475606375366 -0.02036217460660058 1545218826.2808628
 
0.11762318833004956 -0.0011361487956206891 -0.023271056693257613 1545218826.2929025
 
0.11936804501875416 -0.0011767607858437093 -0.023271056693257762 1545218826.3048432
 
0.12146187304519968 -0.0012254951741113337 -0.023271056693257762 1545218826.3161747
 
0.12285775839616338 -0.0012579847662897506 -0.02327105669325791 1545218826.3295908
 
0.12495158642260891 -0.001306719154557375 -0.023271056693257613 1545218826.3413346
 
0.12652205712031778 -0.0013387017734323304 -0.02036217460660058 1545218826.3531907
 
0.12844139947789288 -0.001383374962677653 -0.023271056693257613 1545218826.3650486
 
0.13001187017560178 -0.0014153575815526094 -0.02036217460660058 1545218826.3790658
 
0.13193121253317686 -0.0014600307707979313 -0.023271056693257613 1545218826.3904016
 
0.13367606922188147 -0.0015006427610209522 -0.02327105669325791 1545218826.406269
 
0.13594452689634987 -0.001546839877173666 -0.02036217460660043 1545218826.4230685
 
0.13856181192940678 -0.0016077578625081968 -0.023271056693257762 1545218826.440851
 
0.14065563995585229 -0.0016564922507758212 -0.02327105669325791 1545218826.4568763
 
0.1430984393200387 -0.001713349037088049 -0.023271056693257613 1545218826.4739769
 
0.14519226734648424 -0.001762083425355674 -0.02327105669325791 1545218826.4911952
 
0.14746072502095264 -0.0018082805415083883 -0.02036217460660058 1545218826.5028296
 
0.14903128210785865 -0.001835694717433805 -0.017453292519943247 1545218826.514458
 
0.15060175280556756 -0.0018676773363087613 -0.02036217460660058 1545218826.5260355
 
0.15199772675908657 -0.0018961063308642774 -0.02036217460660043 1545218826.5396268
 
0.1539172965319717 -0.0019296125458842313 -0.017453292519943247 1545218826.5512455
 
0.1553133472758881 -0.0019539807022623786 -0.017453292519943247 1545218826.5628738
 
0.15670939801980455 -0.0019783488586405263 -0.017453292519943247 1545218826.5745165
 
0.158105448763721 -0.002002717015018675 -0.017453292519943247 1545218826.5885367
 
0.16002491294980967 -0.002041806882532511 -0.020362174606600728 1545218826.6009278
 
0.16159547003671562 -0.002069221058457927 -0.017453292519943396 1545218826.6129785
 
0.1629915207806321 -0.002093589214836075 -0.0174532925199431 1545218826.624825
 
0.16438757152454853 -0.002117957371214223 -0.017453292519943396 1545218826.6373308
 
0.16595820171124304 -0.0021408028722226104 -0.014544410433286064 1545218826.649616
 
0.16735431743274923 -0.002161109984230065 -0.014544410433286064 1545218826.66144
 
0.16875043315425545 -0.0021814170962375203 -0.014544410433286064 1545218826.6730928
 
0.17014654887576164 -0.002201724208244975 -0.014544410433286064 1545218826.6862695
 
0.17171710596266768 -0.0022291383841703924 -0.017453292519943396 1545218826.6989057
 
0.17293870721898563 -0.002246907107176915 -0.014544410433285769 1545218826.710183
 
0.17433482294049185 -0.0022672142191843703 -0.014544410433286064 1545218826.7229657
 
0.1759055129369477 -0.0022854908519664868 -0.011635528346628734 1545218826.7370484
 
0.17730168182268624 -0.002301736747772813 -0.011635528346629028 1545218826.749529
 
0.1786978507084248 -0.002317982643579139 -0.011635528346628734 1545218826.7611225
 
0.17991945196474274 -0.002335751366585661 -0.014544410433285769 1545218826.773021
 
0.18131556768624896 -0.0023560584785931164 -0.014544410433286064 1545218826.7860208
 
0.18288625768270483 -0.0023743351113752337 -0.011635528346629028 1545218826.800849
 
0.1842824265684434 -0.0023905810071815597 -0.011635528346628734 1545218826.8124526
 
0.18567859545418192 -0.0024068269029878854 -0.011635528346628734 1545218826.8242483
 
0.1867257221184858 -0.0024190113248426293 -0.011635528346629028 1545218826.8371754
 
0.18794740607512891 -0.002429672799214345 -0.008726646259971698 1545218826.8495028
 
0.18916905385015018 -0.0024438879580448805 -0.011635528346629028 1545218826.8611279
 
0.19056522273588872 -0.002460133853851206 -0.011635528346628734 1545218826.8730652
 
0.1916123494001926 -0.00247231827570595 -0.011635528346628734 1545218826.8864715
 
0.1931830859158766 -0.002486025885612442 -0.008726646259971995 1545218826.8997102
 
0.19457929615204012 -0.0024982104277515454 -0.008726646259971698 1545218826.9113367
 
0.19545190170562668 -0.0025083641126304986 -0.011635528346628734 1545218826.9230084
 
0.1968480705913652 -0.002524610008436824 -0.011635528346629028 1545218826.9348707
 
0.19824423947710382 -0.002540855904243151 -0.011635528346629028 1545218826.9473116
 
0.199116870874706 -0.0025484712430800904 -0.008726646259971698 1545218826.9597623
 
0.2003385186497272 -0.0025626864019106252 -0.011635528346628734 1545218826.971374
 
0.2013856453140311 -0.0025748708237653697 -0.011635528346629028 1545218826.983076
 
0.202432771978335 -0.002587055245620114 -0.011635528346628734 1545218826.9970298
 
0.204003508494019 -0.0026007628555266052 -0.008726646259971698 1545218827.0095084
 
0.2048761140476056 -0.0026109165404055593 -0.011635528346628734 1545218827.0213258
 
0.2059232407119095 -0.0026231009622603037 -0.011635528346628734 1545218827.0330129
 
0.20731940959764805 -0.0026393468580666293 -0.011635528346628734 1545218827.0465298
 
0.20854109355429112 -0.0026500083324383444 -0.008726646259971698 1545218827.0592394
 
0.20941369910787772 -0.0026601620173172984 -0.011635528346629028 1545218827.0704865
 
0.2111587625377733 -0.0026906222127899837 -0.0174532925199431 1545218827.0969102
 
0.21307855161249814 -0.0027073759582312506 -0.008726646259971698 1545218827.111434
 
0.21430019938751937 -0.0027215911170617862 -0.011635528346629028 1545218827.1234503
 
0.2153473260518233 -0.002733775538916531 -0.011635528346629028 1545218827.1355362
 
0.21639445271612717 -0.002745959960771275 -0.011635528346628734 1545218827.1488774
 
0.2174415793804311 -0.0027581443826260195 -0.011635528346628734 1545218827.1601636
 
0.21848870604473497 -0.0027703288044807635 -0.011635528346628734 1545218827.1719458
 
0.2195358327090389 -0.0027825132263355084 -0.011635528346629028 1545218827.183598
 
0.2205829593733428 -0.002794697648190253 -0.011635528346629028 1545218827.1963935
 
0.22163008603764672 -0.0028068820700449973 -0.011635528346628734 1545218827.2091308
 
0.22267721270195062 -0.0028190664918997417 -0.011635528346628734 1545218827.2203264
 
0.22354984409955284 -0.0028266818307366814 -0.008726646259971698 1545218827.2320127
 
0.22459700177667546 -0.0028358202373410086 -0.008726646259971698 1545218827.2449896
 
0.22564415945379812 -0.002844958643945336 -0.008726646259971698 1545218827.2564461
 
0.22669131713092075 -0.0028540970505496633 -0.008726646259971698 1545218827.2692704
 
0.22756392268450734 -0.0028642507354286174 -0.011635528346629028 1545218827.280481
 
0.22843655408210956 -0.002871866074265556 -0.008726646259971107 1545218827.2939222
 
0.2296582018571308 -0.002886081233096092 -0.011635528346629028 1545218827.3064196
 
0.23070538168645424 -0.0028921735471245614 -0.0058177641733146625 1545218827.3193455
 
0.23157801308405648 -0.002899788885961501 -0.008726646259971698 1545218827.330484
 
0.2326251707611791 -0.0029089272925658283 -0.008726646259971698 1545218827.3434474
 
0.23349782061894866 -0.0029140042209228854 -0.00581776417331407 1545218827.3552144
 
0.23437045201655085 -0.0029216195597598247 -0.008726646259971698 1545218827.3664336
 
0.23559216181742823 -0.002928727259459706 -0.0058177641733146625 1545218827.3792818
 
0.23629028170364388 -0.002932788802145352 -0.005817764173314367 1545218827.390534
 
0.23751196566028693 -0.0029434502765170664 -0.008726646259971401 1545218827.4043813
 
0.2383846155180565 -0.0029485272048741244 -0.0058177641733146625 1545218827.415933
 
0.23925724691565872 -0.002956142543711064 -0.008726646259971698 1545218827.4274654
 
0.24030440459278138 -0.0029652809503153917 -0.008726646259971698 1545218827.4401085
 
0.2410025097108631 -0.002971373221384943 -0.008726646259971995 1545218827.4528508
 
0.2418751595686327 -0.002976450149742001 -0.005817764173314367 1545218827.4645324
 
0.2427477909662349 -0.002984065488578941 -0.008726646259971995 1545218827.47608
 
0.24379494864335755 -0.002993203895183268 -0.008726646259971107 1545218827.4884458
 
0.24466759850112707 -0.0029982808235403256 -0.0058177641733146625 1545218827.5012262
 
0.24536571838734275 -0.003002342366225972 -0.005817764173314367 1545218827.5128741
 
0.2464128982166662 -0.0030084346802544413 -0.005817764173314367 1545218827.524971
 
0.2472855296142684 -0.0030160500190913805 -0.008726646259971698 1545218827.5362928
 
0.24815817947203797 -0.0030211269474484386 -0.0058177641733146625 1545218827.5496037
 
0.2488562993582536 -0.003025188490134084 -0.00581776417331407 1545218827.5614164
 
0.24990347918757708 -0.0030312808041625533 -0.00581776417331407 1545218827.5730684
 
0.2506015990737927 -0.0030353423468481994 -0.0058177641733146625 1545218827.5849552
 
0.25147426000772516 -0.003037880821766494 -0.002908882086657035 1545218827.59738
 
0.25234690986549474 -0.0030429577501235516 -0.005817764173314367 1545218827.6101038
 
0.2532195707994272 -0.0030454962250418462 -0.0029088820866573313 1545218827.6230695
 
0.2539176995465732 -0.003047527004976482 -0.002908882086657035 1545218827.634932
 
0.25479036417257034 -0.003047527004976482 0.0 1545218827.6472883
 
0.25566302510650274 -0.003050065479894776 -0.002908882086657035 1545218827.6597335
 
0.2565356897324999 -0.003050065479894776 0.0 1545218827.6711946
 
0.2572338214332977 -0.003050065479894776 0.0 1545218827.6830232
 
0.2579319531340954 -0.003050065479894776 0.0 1545218827.6948528
 
0.25880461406802785 -0.0030526039548130707 -0.0029088820866573313 1545218827.7089014
 
0.259677278694025 -0.0030526039548130707 0.0 1545218827.720054
 
0.26037541039482276 -0.0030526039548130707 0.0 1545218827.731535
 
0.2610735420956205 -0.0030526039548130707 0.0 1545218827.7434464
 
0.2617716737964182 -0.0030526039548130707 0.0 1545218827.7558827
 
0.26246980549721594 -0.0030526039548130707 0.0 1545218827.767344
 
0.2633424664311484 -0.003050065479894776 0.002908882086657035 1545218827.7796233
 
0.26404059517829437 -0.0030480346999601404 0.0029088820866573313 1545218827.7914233
 
0.2647387239254403 -0.003046003920025505 0.0029088820866573313 1545218827.8043616
 
0.2654368526725863 -0.003043973140090869 0.002908882086657035 1545218827.8162558
 
0.26613498141973224 -0.0030419423601562336 0.0029088820866576275 1545218827.828863
 
0.2668331101668782 -0.003039911580221598 0.002908882086657035 1545218827.84014
 
0.2675312389140242 -0.003037880800286962 0.0029088820866576275 1545218827.8532217
 
0.2682293676611701 -0.0030358500203523263 0.0029088820866573313 1545218827.8651896
 
0.26892749640831615 -0.0030338192404176906 0.002908882086657035 1545218827.876367
 
0.26962562515546207 -0.003031788460483055 0.002908882086657035 1545218827.8896472
 
0.27049827501323165 -0.003026711532125998 0.00581776417331407 1545218827.902175
 
0.2711963948994473 -0.0030226499894403513 0.0058177641733146625 1545218827.9155529
 
0.27189451478566296 -0.0030185884467547053 0.00581776417331407 1545218827.9273272
 
0.27259263467187855 -0.003014526904069059 0.0058177641733146625 1545218827.939757
 
0.2732907545580942 -0.003010465361383413 0.005817764173314367 1545218827.9524844
 
0.27398887444430986 -0.003006403818697767 0.005817764173314367 1545218827.9657443
 
0.27468699433052546 -0.0030023422760121214 0.005817764173314367 1545218827.979222
 
0.27538511421674117 -0.002998280733326475 0.0058177641733146625 1545218827.9904735
 
0.2760832341029568 -0.0029942191906408284 0.0058177641733146625 1545218828.0034387
 
0.2767813539891725 -0.0029901576479551824 0.00581776417331407 1545218828.0157673
 
0.27747947387538807 -0.0029860961052695363 0.0058177641733146625 1545218828.0315983
 
0.2781775937616037 -0.0029820345625838902 0.00581776417331407 1545218828.0438597
 
0.2788757136478193 -0.002977973019898244 0.0058177641733146625 1545218828.056313
 
0.27957383353403503 -0.0029739114772125977 0.005817764173314367 1545218828.068988
 
0.2800974300943945 -0.002972388392261621 0.0029088820866573313 1545218828.0894084
 
0.2811446232151134 -0.002969342222359668 0.002908882086657035 1545218828.101365
 
0.2820172878411106 -0.002969342222359668 0.0 1545218828.1310003
 
0.28323901314861605 -0.0029657883574740556 0.002908882086657035 1545218828.155647
 
0.2844607229494934 -0.0029586806577741754 0.00581776417331407 1545218828.1795902
 
0.2856824069061365 -0.0029480191834024604 0.008726646259971698 1545218828.203773
 
0.2869041167070139 -0.0029409114837025793 0.0058177641733146625 1545218828.229465
 
0.2879512965363374 -0.00293481916967411 0.0058177641733146625 1545218828.2434187
 
0.2884748753748987 -0.0029302499663719467 0.008726646259971107 1545218828.255272
 
0.28917298049298046 -0.002924157695302395 0.008726646259971698 1545218828.266513
 
0.2895220330520214 -0.0029211115597676186 0.008726646259971995 1545218828.2912958
 
0.29074374285289883 -0.0029140038600677376 0.005817764173314367 1545218828.3071759
 
0.29126732169146013 -0.002909434656765574 0.008726646259971698 1545218828.3196673
 
0.29196542680954185 -0.0029033423856960226 0.008726646259971698 1545218828.332156
 
0.29231447936858274 -0.002900296250161247 0.008726646259971401 1545218828.3450193
 
0.2930125844866645 -0.002894203979091695 0.008726646259971698 1545218828.3562522
 
0.2933616370457054 -0.0028911578435569193 0.008726646259971698 1545218828.368857
 
0.2938852003778574 -0.0028850656326295464 0.011635528346628734 1545218828.3801403
 
0.2944087792164187 -0.002880496429327383 0.008726646259971698 1545218828.393103
 
0.29475783177545967 -0.0028774502937926067 0.008726646259971401 1545218828.4049551
 
0.2952813951076116 -0.0028713580828652347 0.011635528346628734 1545218828.4163103
 
0.29580497394617294 -0.0028667888795630707 0.008726646259971698 1545218828.4294016
 
0.29632853727832487 -0.0028606966686356987 0.011635528346628734 1545218828.442278
 
0.29667757949975954 -0.0028566351946841166 0.011635528346629028 1545218828.4540734
 
0.2973756639426288 -0.0028485122467809534 0.011635528346629325 1545218828.4658318
 
0.29772470616406344 -0.002844450772829372 0.011635528346629028 1545218828.4801414
 
0.29807374838549805 -0.002840389298877791 0.011635528346628734 1545218828.4973774
 
0.29877183282836733 -0.002832266350974628 0.011635528346628734 1545218828.51381
 
0.29946991727123656 -0.0028241434030714654 0.011635528346628734 1545218828.530049
 
0.3001680017141059 -0.0028160204551683017 0.011635528346628734 1545218828.5490186
 
0.30086608615697513 -0.0028078975072651394 0.011635528346629028 1545218828.5641725
 
0.3012151283784098 -0.0028038360333135573 0.011635528346629028 1545218828.5812092
 
0.30191321282127903 -0.002795713085410395 0.011635528346629028 1545218828.5955622
 
0.3022622550427137 -0.0027916516114588133 0.011635528346628734 1545218828.6071613
 
0.3027857984382786 -0.0027840364444560173 0.014544410433286064 1545218828.6194897
 
0.3031348273686551 -0.002778959666454154 0.014544410433285769 1545218828.6314442
 
0.303658390700807 -0.002772867455526782 0.011635528346628734 1545218828.644445
 
0.3041819340963719 -0.002765252288523986 0.014544410433285769 1545218828.655978
 
0.3043564552070892 -0.0027632215515481953 0.011635528346628734 1545218828.6679912
 
0.3048799986026541 -0.0027556063845453993 0.01454441043328636 1545218828.679831
 
0.3052290275330306 -0.0027505296065435357 0.01454441043328636 1545218828.6928039
 
0.3055780564634072 -0.0027454528285416717 0.014544410433285769 1545218828.7044537
 
0.3059270853937837 -0.002740376050539808 0.014544410433286064 1545218828.7160046
 
0.30627611432416024 -0.0027352992725379445 0.01454441043328636 1545218828.7280204
 
0.30679963335312893 -0.0027261612138961386 0.0174532925199431 1545218828.7403605
 
0.30732317674869375 -0.0027185460468933434 0.014544410433286064 1545218828.7533941
 
0.3074976830916833 -0.002715500027346075 0.01745329251994369 1545218828.7651882
 
0.30802122648724817 -0.002707884860343279 0.014544410433286064 1545218828.776364
 
0.30837025541762475 -0.002702808082341415 0.014544410433285769 1545218828.7891269
 
0.3087192843480013 -0.0026977313043395515 0.01454441043328636 1545218828.8014586
 
0.3090683132783778 -0.002692654526337688 0.01454441043328636 1545218828.8133986
 
0.3094173422087544 -0.002687577748335824 0.014544410433285769 1545218828.825394
 
0.3097663711391309 -0.0026825009703339607 0.014544410433285769 1545218828.8388813
 
0.3101154000695075 -0.0026774241923320963 0.01454441043328636 1545218828.8511984
 
0.310464428999884 -0.002672347414330233 0.014544410433285769 1545218828.862814
 
0.31081345793026055 -0.00266727063632837 0.014544410433285769 1545218828.874992
 
0.31116248686063713 -0.0026621938583265056 0.014544410433286064 1545218828.887345
 
0.3116860058896058 -0.0026530557996846996 0.01745329251994369 1545218828.9016113
 
0.3120350185755849 -0.002646963760590163 0.0174532925199431 1545218828.9133744
 
0.312384031261564 -0.002640871721495626 0.017453292519943396 1545218828.9251962
 
0.3125585457267523 -0.0026383333324946946 0.01454441043328636 1545218828.9373956
 
0.313082064755721 -0.0026291952738528887 0.017453292519943396 1545218828.950415
 
0.31343107744170007 -0.002623103234758352 0.0174532925199431 1545218828.9644485
 
0.3137800901276792 -0.0026170111956638144 0.017453292519943396 1545218828.9759378
 
0.3141291028136583 -0.0026109191565692777 0.017453292519943396 1545218828.9874601
 
0.3144781154996374 -0.002604827117474741 0.0174532925199431 1545218829.000998
 
0.31465262996482574 -0.0026022887284738085 0.014544410433285769 1545218829.0125434
 
0.31500165889520226 -0.0025972119504719454 0.014544410433285769 1545218829.0244184
 
0.3151761652381918 -0.002594165930924677 0.017453292519943396 1545218829.0359225
 
0.3156997086337567 -0.002586550763921881 0.014544410433285769 1545218829.0498757
 
0.3158742149767462 -0.0025835047443746127 0.017453292519942803 1545218829.0618322
 
0.31622322766272537 -0.002577412705280075 0.017453292519943396 1545218829.077407
 
0.3167467710582902 -0.00256979753827728 0.01454441043328636 1545218829.0900881
 
0.3170957999886667 -0.0025647207602754163 0.014544410433286064 1545218829.1032515
 
0.3172703063316563 -0.002561674740728147 0.0174532925199431 1545218829.1153893
 
0.31779384972722113 -0.002554059573725352 0.01454441043328636 1545218829.1269088
 
0.3179683560702107 -0.0025510135541780836 0.01745329251994369 1545218829.1396797
 
0.3183173687561898 -0.002544921515083546 0.0174532925199431 1545218829.1523485
 
0.3186663814421689 -0.0025388294759890093 0.0174532925199431 1545218829.1638865
 
0.3188408959073572 -0.0025362910869880777 0.014544410433285769 1545218829.1757367
 
0.3191899248377338 -0.0025312143089862133 0.014544410433286064 1545218829.1873
 
0.3193644311807233 -0.002528168289438946 0.0174532925199431 1545218829.2001157
 
0.3198879745762882 -0.002520553122436149 0.014544410433286064 1545218829.2120986
 
0.32006248091927775 -0.0025175071028888806 0.0174532925199431 1545218829.2238095
 
0.3204114936052569 -0.002511415063794343 0.01745329251994369 1545218829.2357473
 
0.320760506291236 -0.0025053230246998063 0.01745329251994369 1545218829.2490659
 
0.32093502075642427 -0.0025027846356988747 0.01454441043328636 1545218829.2614708
 
0.32128404968680074 -0.002497707857697012 0.01454441043328636 1545218829.273084
 
0.32145855602979034 -0.0024946618381497428 0.01745329251994399 1545218829.2849324
 
0.3218075687157695 -0.002488569799055205 0.017453292519943396 1545218829.2963982
 
0.3221565814017486 -0.0024824777599606685 0.017453292519943396 1545218829.309785
 
0.3223310958669369 -0.002479939370959736 0.014544410433285769 1545218829.3214226
 
0.32268012479731345 -0.002474862592957873 0.014544410433285769 1545218829.33305
 
0.322854631140303 -0.0024718165734106045 0.017453292519943396 1545218829.3456528
 
0.32302914560549134 -0.002469278184409672 0.01454441043328636 1545218829.3592484
 
0.32337817453586787 -0.002464201406407809 0.014544410433285769 1545218829.3731394
 
0.3237272034662444 -0.002459124628405946 0.014544410433285769 1545218829.3849516
 
0.324076232396621 -0.0024540478504040814 0.01454441043328636 1545218829.3962126
 
0.3242507387396105 -0.002451001830856813 0.017453292519943396 1545218829.4096127
 
0.32442525320479876 -0.002448463441855882 0.01454441043328636 1545218829.4214387
 
0.32477428213517534 -0.002443386663854018 0.014544410433285769 1545218829.4331834
 
0.32512331106555187 -0.0024383098858521547 0.014544410433285769 1545218829.4450278
 
0.3252978321762692 -0.002436279148876364 0.011635528346628734 1545218829.4590561
 
0.32547234664145747 -0.0024337407598754323 0.01454441043328636 1545218829.4715648
 
0.3258213755718341 -0.0024286639818735674 0.014544410433285769 1545218829.4836848
 
0.32617040450221063 -0.0024235872038717043 0.014544410433285769 1545218829.4954166
 
0.32617040450221063 -0.0024235872038717043 0.014544410433285769 1545218829.508758
 
0.32651943343258716 -0.002418510425869841 0.014544410433285769 1545218829.5201616
 
0.32686846236296374 -0.0024134336478679767 0.01454441043328636 1545218829.5320945
 
0.32704296870595323 -0.002410387628320709 0.017453292519943396 1545218829.5437698
 
0.3272174831711416 -0.0024078492393197768 0.014544410433285769 1545218829.5569158
 
0.32739198951413107 -0.0024048032197725097 0.017453292519942803 1545218829.569277
 
0.3277410022001102 -0.002398711180677972 0.017453292519943396 1545218829.5804589
 
0.32791551666529856 -0.0023961727916770397 0.01454441043328636 1545218829.5929205
 
0.32809002300828805 -0.002393126772129772 0.017453292519943396 1545218829.6057048
 
0.32843903569426713 -0.0023870347330352355 0.017453292519943396 1545218829.617359
 
0.32843903569426713 -0.0023870347330352355 0.017453292519943396 1545218829.6296065
 
0.32878804838024633 -0.002380942693940697 0.017453292519942803 1545218829.6412945
 
0.32896256284543457 -0.0023784043049397663 0.014544410433285769 1545218829.6537757
 
0.32913706918842417 -0.002375358285392497 0.017453292519943396 1545218829.6690314
 
0.32948608187440326 -0.0023692662462979604 0.017453292519943396 1545218829.6808727
 
0.32966059633959155 -0.002366727857297029 0.014544410433285769 1545218829.6935987
 
0.32983510268258115 -0.0023636818377497596 0.017453292519943396 1545218829.7057178
 
0.33018411536856024 -0.002357589798655223 0.017453292519943396 1545218829.7199025
 
0.3305331280545393 -0.002351497759560686 0.017453292519943396 1545218829.731538
 
0.3305331280545393 -0.002351497759560686 0.017453292519943396 1545218829.744442
 
0.33088214074051847 -0.002345405720466148 0.01745329251994399 1545218829.756398
 
0.3310566552057068 -0.0023428673314652157 0.01454441043328636 1545218829.7700012
 
0.3312311615486963 -0.0023398213119179482 0.017453292519943396 1545218829.7830713
 
0.3314056760138846 -0.0023372829229170167 0.01454441043328636 1545218829.79614
 
0.33158018235687414 -0.0023342369033697483 0.017453292519943396 1545218829.8097594
 
0.33192919504285334 -0.00232814486427521 0.017453292519943396 1545218829.8214636
 
0.33192919504285334 -0.00232814486427521 0.017453292519943396 1545218829.8333573
 
0.33227820772883243 -0.002322052825180673 0.017453292519943396 1545218829.8452098
 
0.3326272204148115 -0.0023159607860861364 0.017453292519943396 1545218829.857127
 
0.3326272204148115 -0.0023159607860861364 0.017453292519943396 1545218829.872943
 
0.33297623310079066 -0.002309868746991599 0.017453292519943396 1545218829.886324
 
0.33332524578676975 -0.002303776707897062 0.017453292519943396 1545218829.899155
 
0.33332524578676975 -0.002303776707897062 0.017453292519943396 1545218829.9114475
 
0.333499760251958 -0.002301238318896131 0.01454441043328636 1545218829.923076
 
0.3338487891823346 -0.002296161540894266 0.014544410433285769 1545218829.9348378
 
0.3338487891823346 -0.002296161540894266 0.014544410433285769 1545218829.9461336
 
0.33402329552532417 -0.0022931155213469978 0.017453292519942803 1545218829.9594529
 
0.33419780999051246 -0.002290577132346066 0.014544410433285769 1545218829.9722433
 
0.334546838920889 -0.0022855003543442026 0.01454441043328636 1545218829.9857945
 
0.33472134526387853 -0.0022824543347969343 0.017453292519943396 1545218829.9979312
 
0.3348958597290669 -0.002279915945796002 0.014544410433285769 1545218830.00977
 
0.3352448886594434 -0.0022748391677941387 0.014544410433285769 1545218830.0224447
 
0.3352448886594434 -0.0022748391677941387 0.014544410433285769 1545218830.0342073
 
0.33541939500243295 -0.0022717931482468703 0.017453292519943396 1545218830.045834
 
0.33559390946762124 -0.0022692547592459388 0.01454441043328636 1545218830.057416
 
0.33576843057833855 -0.002267224022270148 0.011635528346629325 1545218830.0712633
 
0.3359429450435269 -0.0022646856332692155 0.01454441043328636 1545218830.0872953
 
0.3362919739739034 -0.0022596088552673524 0.014544410433285769 1545218830.0996451
 
0.3362919739739034 -0.0022596088552673524 0.014544410433285769 1545218830.1114614
 
0.33664100290427995 -0.002254532077265489 0.014544410433285769 1545218830.1241856
 
0.33664100290427995 -0.002254532077265489 0.014544410433285769 1545218830.1359954
 
0.33699003183465653 -0.0022494552992636248 0.01454441043328636 1545218830.1479437
 
0.33699003183465653 -0.0022494552992636248 0.01454441043328636 1545218830.1598349
 
0.33733906076503306 -0.0022443785212617616 0.014544410433285769 1545218830.1724114
 
0.3375135671080226 -0.0022413325017144933 0.017453292519942803 1545218830.1841784
 
0.3375135671080226 -0.0022413325017144933 0.017453292519942803 1545218830.1960218
 
0.3376880815732109 -0.0022387941127135617 0.014544410433285769 1545218830.207989
 
0.33803711050358753 -0.0022337173347116964 0.01454441043328636 1545218830.2205307
 
0.33803711050358753 -0.0022337173347116964 0.01454441043328636 1545218830.2323487
 
0.338211616846577 -0.002230671315164429 0.017453292519943396 1545218830.2449546
 
0.33838613131176526 -0.0022281329261634977 0.01454441043328636 1545218830.2563949
 
0.33838613131176526 -0.0022281329261634977 0.01454441043328636 1545218830.2702684
 
0.3387351602421419 -0.002223056148161633 0.014544410433285769 1545218830.2820039
 
0.33890966658513144 -0.0022200101286143645 0.017453292519942803 1545218830.293697
 
0.33890966658513144 -0.0022200101286143645 0.017453292519942803 1545218830.3054473
 
0.33908418105031973 -0.002217471739613433 0.014544410433285769 1545218830.3190506
 
0.33943320998069626 -0.0022123949616115694 0.01454441043328636 1545218830.3302996
 
0.33943320998069626 -0.0022123949616115694 0.01454441043328636 1545218830.3420246
 
0.3396077163236858 -0.002209348942064301 0.017453292519943396 1545218830.3535957
 
0.3396077163236858 -0.002209348942064301 0.017453292519943396 1545218830.3654077
 
0.33978223078887415 -0.0022068105530633686 0.014544410433285769 1545218830.3794012
 
0.3401312597192507 -0.0022017337750615054 0.014544410433285769 1545218830.3911486
 
0.3403057660622403 -0.002198687755514236 0.017453292519943396 1545218830.4028316
 
0.3403057660622403 -0.002198687755514236 0.017453292519943396 1545218830.4144473
 
0.3404802805274285 -0.002196149366513305 0.01454441043328636 1545218830.4271836
 
0.3406547868704181 -0.002193103346966036 0.017453292519943396 1545218830.4396017
 
0.3408293013356064 -0.0021905649579651043 0.01454441043328636 1545218830.451217
 
0.34100380767859595 -0.002187518938417836 0.017453292519943396 1545218830.462901
 
0.34100380767859595 -0.002187518938417836 0.017453292519943396 1545218830.4761014
 
0.34117832214378424 -0.0021849805494169043 0.014544410433285769 1545218830.489606
 
0.34152735107416077 -0.0021799037714150407 0.01454441043328636 1545218830.50143
 
0.34152735107416077 -0.0021799037714150407 0.01454441043328636 1545218830.5132241
 
0.34170185741715037 -0.0021768577518677715 0.017453292519943396 1545218830.5260372
 
0.34170185741715037 -0.0021768577518677715 0.017453292519943396 1545218830.5384758
 
0.34187637188233866 -0.00217431936286684 0.01454441043328636 1545218830.5499315
 
0.34205087822532826 -0.0021712733433195707 0.01745329251994399 1545218830.565646
 
0.34239989091130735 -0.002165181304225034 0.017453292519943396 1545218830.5838218
 
0.34239989091130735 -0.002165181304225034 0.017453292519943396 1545218830.5998755
 
0.34274890359728644 -0.0021590892651304973 0.017453292519943396 1545218830.6296349
 
0.3430979162832656 -0.0021529972260359593 0.01745329251994399 1545218830.6455665
 
0.3430979162832656 -0.0021529972260359593 0.01745329251994399 1545218830.6571913
 
0.3432724130274554 -0.00214944360171652 0.020362174606601023 1545218830.6694934
 
0.34344691937044497 -0.0021463975821692516 0.017453292519943396 1545218830.6829724
 
0.3436214161146348 -0.0021428439578498122 0.02036217460660043 1545218830.6948118
 
0.34379592245762436 -0.002139797938302544 0.017453292519943396 1545218830.706143
 
0.34379592245762436 -0.002139797938302544 0.017453292519943396 1545218830.7184293
 
0.34397041920181426 -0.0021362443139831032 0.02036217460660043 1545218830.7309291
 
0.34397041920181426 -0.0021362443139831032 0.02036217460660043 1545218830.7428355
 
0.34414492554480386 -0.002133198294435834 0.017453292519942803 1545218830.7545326
 
0.3443194222889937 -0.0021296446701163946 0.02036217460660043 1545218830.7660742
 
0.34449392863198325 -0.0021265986505691263 0.017453292519943396 1545218830.7800496
 
0.34466842537617304 -0.0021230450262496882 0.02036217460660043 1545218830.791985
 
0.34466842537617304 -0.0021230450262496882 0.02036217460660043 1545218830.8035467
 
0.34484291104504355 -0.002118983827227385 0.023271056693257467 1545218830.8154206
 
0.3450174077892334 -0.002115430202907946 0.02036217460660043 1545218830.828763
 
0.3450174077892334 -0.002115430202907946 0.02036217460660043 1545218830.8400497
 
0.345191914132223 -0.0021123841833606766 0.017453292519942803 1545218830.8519688
 
0.3453664108764129 -0.002108830559041236 0.02036217460660043 1545218830.863597
 
0.3455408965452833 -0.0021047693600189355 0.023271056693257467 1545218830.8755128
 
0.3455408965452833 -0.0021047693600189355 0.023271056693257467 1545218830.8904212
 
0.3457153932894731 -0.0021012157356994974 0.02036217460660043 1545218830.9024057
 
0.3457153932894731 -0.0021012157356994974 0.02036217460660043 1545218830.9143438
 
0.34606438677785295 -0.0020941084870606166 0.02036217460660043 1545218830.9258542
 
0.34606438677785295 -0.0020941084870606166 0.02036217460660043 1545218830.939163
 
0.34623887244672336 -0.002090047288038316 0.023271056693257467 1545218830.9504356
 
0.34623887244672336 -0.002090047288038316 0.023271056693257467 1545218830.962294
 
0.34641336919091315 -0.002086493663718878 0.02036217460660043 1545218830.974199
 
0.34641336919091315 -0.002086493663718878 0.02036217460660043 1545218830.9885328
 
0.346762362679293 -0.002079386415079997 0.02036217460660043 1545218830.9999826
 
0.346762362679293 -0.002079386415079997 0.02036217460660043 1545218831.0115602
 
0.346762362679293 -0.002079386415079997 0.02036217460660043 1545218831.0233603
 
0.34693684834816346 -0.0020753252160576954 0.023271056693257467 1545218831.0361552
 
0.34693684834816346 -0.0020753252160576954 0.023271056693257467 1545218831.0504296
 
0.34711134509235336 -0.0020717715917382548 0.02036217460660043 1545218831.062312
 
0.34728583076122377 -0.0020677103927159543 0.023271056693257467 1545218831.0785387
 
0.3474603275054136 -0.002064156768396515 0.02036217460660043 1545218831.0921862
 
0.3476348131742841 -0.002060095569374213 0.023271056693257467 1545218831.105466
 
0.3476348131742841 -0.002060095569374213 0.023271056693257467 1545218831.1170394
 
0.347809309918474 -0.002056541945054773 0.02036217460659984 1545218831.1293612
 
0.3479837955873445 -0.00205248074603247 0.023271056693257467 1545218831.141918
 
0.34815829233153434 -0.0020489271217130306 0.02036217460660043 1545218831.153836
 
0.34815829233153434 -0.0020489271217130306 0.02036217460660043 1545218831.165685
 
0.3483327780004048 -0.002044865922690729 0.023271056693257467 1545218831.177226
 
0.3483327780004048 -0.002044865922690729 0.023271056693257467 1545218831.190945
 
0.3485072747445946 -0.0020413122983712908 0.02036217460660043 1545218831.202474
 
0.3485072747445946 -0.0020413122983712908 0.02036217460660043 1545218831.2145252
 
0.3486817604134651 -0.0020372510993489877 0.023271056693257467 1545218831.2260756
 
0.34885625715765495 -0.0020336974750295484 0.02036217460660043 1545218831.239453
 
0.34903074282652546 -0.0020296362760072453 0.023271056693258057 1545218831.2508235
 
0.34903074282652546 -0.0020296362760072453 0.023271056693258057 1545218831.2623944
 
0.34903074282652546 -0.0020296362760072453 0.023271056693258057 1545218831.2742605
 
0.3492052395707153 -0.002026082651687806 0.02036217460660043 1545218831.2869303
 
0.34937972523958577 -0.002022021452665504 0.023271056693257467 1545218831.2999218
 
0.34937972523958577 -0.002022021452665504 0.023271056693257467 1545218831.3115005
 
0.34955422198377556 -0.002018467828346066 0.02036217460660043 1545218831.3233619
 
0.3497287076526461 -0.002014406629323763 0.023271056693257467 1545218831.3360238
 
0.3497287076526461 -0.002014406629323763 0.023271056693257467 1545218831.3483312
 
0.3497287076526461 -0.002014406629323763 0.023271056693257467 1545218831.3598204
 
0.3499031807697711 -0.002009837889962796 0.0261799387799145 1545218831.3714595
 
0.3500776664386416 -0.0020057766909404944 0.023271056693257467 1545218831.3830497
 
