0.0 0.0 0.0 1545215601.0093975
 
0.0 0.0 0.0 1545215601.0259817
 
0.000698084442869268 8.122947903162985e-06 0.011635528346628865 1545215601.043469
 
0.0020939697938329544 4.061254008157931e-05 0.02327105669325773 1545215601.0578196
 
0.003663962056973646 9.086583799036702e-05 0.03199770295322938 1545215601.0706706
 
0.00505889652519743 0.0001517699921686013 0.04363323129985824 1545215601.083536
 
0.006627540130218811 0.00023397911999431588 0.05235987755982989 1545215601.0950544
 
0.008195406605226043 0.00032987394165186207 0.06108652381980155 1545215601.1078484
 
0.010109780556728409 0.0004749365254851991 0.07563093425308763 1545215601.1204448
 
0.011849323846853176 0.000616934200286502 0.08144869842640205 1545215601.1333194
 
0.013587097203130602 0.0007791623115353751 0.09308422677303094 1545215601.1445682
 
0.015322865358865694 0.0009615988961424256 0.10471975511965978 1545215601.1572804
 
0.01722908970952032 0.0011900272314918805 0.11926416555294585 1545215601.1700368
 
0.01930556697147453 0.0014634006492115891 0.1308996938995747 1545215601.1817021
 
0.021205158549926707 0.0017416498441659401 0.14544410433286079 1545215601.1941898
 
0.023102249646275084 0.002036465297585325 0.15417075059283245 1545215601.2060199
 
0.025167921379695587 0.0023821401949616506 0.16580627893946134 1545215601.219917
 
0.02740004931991728 0.0027891282204329706 0.18035068937274742 1545215601.2316334
 
0.029283564647747617 0.003160935683036045 0.19489509980603345 1545215601.243942
 
0.031163763666064728 0.0035491655517202697 0.20362174606600508 1545215601.2557473
 
0.03338172855850098 0.004027356026652189 0.2123483923259768 1545215601.2696478
 
0.035423806294518426 0.004492554226337498 0.22398392067260559 1545215601.2812402
 
0.037457454184150855 0.004993320744709264 0.241437213192549 1545215601.293582
 
0.03931755464042468 0.005468607049991743 0.25016385945252056 1545215601.3052988
 
0.04150745333328846 0.006062221495056008 0.2647082698858067 1545215601.318671
 
0.04369208844399301 0.006674923565782254 0.2734349161457783 1545215601.3302667
 
0.04570195762270954 0.007263919940451879 0.2850704444924072 1545215601.3433316
 
0.04770483761999384 0.007876261806901529 0.2967059728390361 1545215601.3558147
 
0.04986474679901162 0.008571119153980868 0.3112503832723222 1545215601.3702052
 
0.05201432159445953 0.009297316505374019 0.32579479370560827 1545215601.3818524
 
0.053990610628826805 0.009990694106373824 0.3374303220522371 1545215601.3942006
 
0.05595869825155584 0.010707019419474925 0.349065850398866 1545215601.405994
 
0.05791831801508673 0.01144619546569652 0.36070137874549485 1545215601.4211912
 
0.0603541455120394 0.012405693433537103 0.37524578917878093 1545215601.4339607
 
0.062293744389667546 0.01319591304784202 0.38688131752540966 1545215601.4456744
 
0.06422401755672186 0.014008646919093074 0.39851684587203856 1545215601.4574428
 
0.0659868659308114 0.014769065481063407 0.40724349213201033 1545215601.4712377
 
0.06853131502162983 0.01591971085248463 0.4246967846519535 1545215601.4843895
 
0.07027365387422066 0.016726014828768815 0.43342343091192526 1545215601.4964006
 
0.07216402407325516 0.017627675161450022 0.445058959258554 1545215601.5083144
 
0.07404377525172395 0.018551269418672196 0.4566944876051829 1545215601.5215247
 
0.07606540492722286 0.019581341187792048 0.4712388980384691 1545215601.5337381
 
0.07776834347660284 0.020467834885713656 0.4799655442984406 1545215601.5452995
 
0.07976545708297741 0.0215446689665399 0.4945099547317267 1545215601.5573115
 
0.08144730676354152 0.022470548241286675 0.5032366009916985 1545215601.5704772
 
0.08357398692161082 0.023673765982634352 0.5148721293383274 1545215601.5829706
 
0.08553893623286454 0.024808229996430658 0.5235987755982988 1545215601.5942614
 
0.08734042839554429 0.02587646069844784 0.535234303944928 1545215601.6066618
 
0.08912936946346814 0.02696557992994826 0.5468698322915567 1545215601.6199446
 
0.091201541872516 0.02826041696023439 0.5585053606381856 1545215601.6315727
 
0.09281470857846862 0.029301360742686244 0.5730497710714716 1545215601.6437514
 
0.09442484048099264 0.030346992626234907 0.575958653158129 1545215601.655218
 
0.09616795688599539 0.03150804217019888 0.5875941815047577 1545215601.667794
 
0.0981856943909032 0.03288617017191273 0.5992297098513865 1545215601.6802115
 
0.09990132242057743 0.0340874658510545 0.6108652381980153 1545215601.6918187
 
0.1016099326008953 0.035298722263480346 0.6166830023713299 1545215601.7042527
 
0.10316640972969258 0.03642266609079123 0.6254096486313016 1545215601.7216907
 
0.10568088625837295 0.038306017409001615 0.6428629411512449 1545215601.734241
 
0.10734987102091958 0.03957131607228856 0.648680705324559 1545215601.7463698
 
0.10901146637129283 0.040846303027730305 0.6544984694978736 1545215601.7580621
 
0.1103836730892488 0.0419248311548849 0.6661339978445023 1545215601.771289
 
0.11242778707106064 0.0435605236610004 0.6748606441044742 1545215601.7835793
 
0.11378416265066074 0.04465889494837618 0.6806784082777887 1545215601.7952068
 
0.11527265494495771 0.04587143833697623 0.6835872903644458 1545215601.8071733
 
0.116880963967496 0.047213016859818095 0.6952228187110746 1545215601.8194747
 
0.1183516637198896 0.04844708047962408 0.6981317007977318 1545215601.831815
 
0.12007697012758814 0.04992063135894576 0.7068583470577037 1545215601.8439734
 
0.12152590850542362 0.051180174274711096 0.7155849933176751 1545215601.8557625
 
0.12296380026615931 0.05245231344313079 0.7243116395776468 1545215601.8675547
 
0.12439798544585039 0.05372862988107779 0.727220521664304 1545215601.8806145
 
0.12582845190901124 0.055009112788886885 0.7301294037509612 1545215601.8932455
 
0.1272476897248423 0.05630202995620048 0.738856050010933 1545215601.9045944
 
0.1286631605978862 0.05759907004308428 0.7417649320975902 1545215601.9172573
 
0.12994307067792876 0.05878566364869342 0.7475826962709046 1545215601.9298973
 
0.13147065284246945 0.060218487285958654 0.753400460444219 1545215601.9415348
 
0.13260691815188874 0.06130306197074642 0.7621271067041906 1545215601.9537554
 
0.13399182500451146 0.06263268740257971 0.7650359887908479 1545215601.965278
 
0.1352437777427677 0.06384874189931898 0.7708537529641625 1545215601.978955
 
0.1366170288388506 0.06519040214190136 0.7737626350508194 1545215601.9922912
 
0.1381065805888487 0.06666272222564887 0.779580399224134 1545215602.004567
 
0.13934071473833715 0.0678968563751373 0.7853981633974484 1545215602.017168
 
0.1405748488878256 0.06913099052462574 0.7853981633974484 1545215602.0301085
 
0.1419204980739996 0.0705003330848233 0.7941248096574202 1545215602.041696
 
0.14301822009065793 0.07162390216343661 0.7970336917440769 1545215602.053912
 
0.14423062766476272 0.07287938695909142 0.8028514559173916 1545215602.065527
 
0.14520055372404655 0.07388377479561527 0.8028514559173917 1545215602.0785906
 
0.14653017915587982 0.07526868164823797 0.8057603380040488 1545215602.0903442
 
0.14773158453258228 0.0765346987566127 0.8115781021773633 1545215602.1030152
 
0.1488095303766402 0.07767725460100307 0.8144869842640204 1545215602.1150393
 
0.1498841481045891 0.07882294122440857 0.8173958663506778 1545215602.1280193
 
0.1510707417101983 0.08010285130445115 0.8232136305239922 1545215602.139695
 
0.15202001659468561 0.08112677936848517 0.823213630523992 1545215602.1514413
 
0.15307785791339673 0.08228797394507421 0.8319402767839635 1545215602.163933
 
0.15424571113407956 0.08358500634744816 0.8377580409572782 1545215602.1755342
 
0.15530017020394202 0.08474927314258449 0.834849158870621 1545215602.1890326
 
0.15634442910771684 0.08592269738051354 0.8435758051305928 1545215602.2002888
 
0.1573852702455148 0.08709915427566094 0.84648468721725 1545215602.2139168
 
0.15842268481016591 0.0882786338733319 0.849393569303907 1545215602.2256405
 
0.1594566640234945 0.08946112619325484 0.8523024513905645 1545215602.2382996
 
0.16048719913639342 0.09064662122966569 0.8552113334772216 1545215602.2500796
 
0.1615142814288981 0.09183510895139271 0.858120215563879 1545215602.261687
 
0.1624210819700191 0.09289683597151485 0.8639379797371933 1545215602.2741199
 
0.16332788251114014 0.09395856299163705 0.8639379797371931 1545215602.2874484
 
0.1642284908637712 0.09502554756594261 0.8697557439105076 1545215602.29931
 
0.16546255448357716 0.0964962473183362 0.8726646259971648 1545215602.3146036
 
0.16646873837570855 0.09770247908523992 0.8755735080838221 1545215602.3273377
 
0.1672485934844867 0.09864293183060652 0.8784823901704795 1545215602.3399842
 
0.1683548372127075 0.0999928944269917 0.8843001543437936 1545215602.3515635
 
0.16912645573272572 0.10094011679608979 0.8872090364304507 1545215602.3637488
 
0.16989531563388877 0.10188957970180985 0.8901179185171082 1545215602.3752725
 
0.1708802946322863 0.10311318808400913 0.8930268006037655 1545215602.3891518
 
0.17186171013595555 0.10433965647309619 0.8959356826904223 1545215602.4011059
 
0.17272772225278402 0.10543490735766156 0.901753446863737 1545215602.4142551
 
0.17359373436961248 0.10653015824222693 0.901753446863737 1545215602.4263227
 
0.17445335995538197 0.10763042881755168 0.9075712110370515 1545215602.4392114
 
0.1752027286768967 0.10859534947551801 0.9104800931237086 1545215602.4506435
 
0.1759492873915278 0.10956244587327951 0.9133889752103661 1545215602.4633
 
0.17680249735110615 0.11066769889929265 0.9133889752103657 1545215602.4745386
 
0.1775462397417805 0.11163696285367705 0.916297857297023 1545215602.487887
 
0.1784915685695577 0.1128914565793073 0.9250245035569946 1545215602.5004268
 
0.17933186086091524 0.11400656211320088 0.925024503556995 1545215602.5141146
 
0.18017215315227278 0.11512166764709444 0.9250245035569946 1545215602.5271635
 
0.18090456755379902 0.11609951963047013 0.9279333856436517 1545215602.5398393
 
0.18184258207615978 0.11735949179528676 0.9308422677303093 1545215602.5514421
 
0.18256929520278872 0.11834158822056286 0.9337511498169666 1545215602.5637457
 
0.18319219216847066 0.11918338515651379 0.933751149816966 1545215602.575464
 
0.1839160454218557 0.12016759134655675 0.9366600319036237 1545215602.588572
 
0.18474330628286714 0.12129239842089151 0.9366600319036237 1545215602.6001709
 
0.1854642935380595 0.12227870604775294 0.939568913990281 1545215602.6138062
 
0.18618240869436134 0.12326710676570314 0.942477796076938 1545215602.6253319
 
0.18700311173013487 0.12439670758621761 0.942477796076938 1545215602.6392894
 
0.18761369980472525 0.12524747483664525 0.9482955602502524 1545215602.650545
 
0.18832893678574128 0.12623796028224354 0.9453866781635953 1545215602.663083
 
0.1889370474989344 0.1270905000594574 0.9512044423369097 1545215602.6743808
 
0.18964940025262317 0.12808306185162296 0.9482955602502527 1545215602.6874347
 
0.19025502845883607 0.1289373669417819 0.9541133244235668 1545215602.6997886
 
0.19106253273378665 0.13007644039532718 0.9541133244235668 1545215602.713545
 
0.1917661967375517 0.1310751807653735 0.9570222065102241 1545215602.7503202
 
0.1937600301443879 0.13394037275497073 0.9628399706835388 1545215602.7744505
 
0.1952616497433151 0.13608490779206356 0.9599310885968811 1545215602.8055415
 
0.1966514930775212 0.13809459357202578 0.9657488527701958 1545215602.8284473
 
0.198239885459471 0.140391377320554 0.9657488527701955 1545215602.8600707
 
0.19952502044543302 0.1422612603281916 0.9686577348568531 1545215602.8809903
 
0.20041095987510624 0.14355837729563237 0.9715666169435104 1545215602.8934293
 
0.2009052425620147 0.14427756306780068 0.9686577348568528 1545215602.9057689
 
0.20169609486106824 0.14542826030326994 0.9686577348568528 1545215602.9276605
 
0.2028823733096486 0.1471543061564739 0.9686577348568531 1545215602.9541855
 
0.20396518816813802 0.14873967133890142 0.9715666169435102 1545215602.9672537
 
0.20445947085504654 0.14945885711106977 0.9686577348568531 1545215602.9835782
 
0.20525032315410008 0.15060955434653903 0.9686577348568531 1545215602.9949937
 
0.205939387154957 0.15161842309899293 0.9715666169435102 1545215603.0093904
 
0.2065350342981882 0.15247971700469107 0.9657488527701958 1545215603.0207102
 
0.20722703005986007 0.15348657708572672 0.9686577348568528 1545215603.043381
 
0.2080178823589136 0.15463727432119598 0.9686577348568528 1545215603.0581262
 
0.20880873465796715 0.15578797155666524 0.9686577348568528 1545215603.0763776
 
0.20959958695702072 0.15693866879213453 0.9686577348568531 1545215603.0935495
 
0.21028865095787763 0.15794753754458843 0.9715666169435102 1545215603.1102037
 
0.2110761526731427 0.15910053040453578 0.9715666169435102 1545215603.125878
 
0.21176814843481453 0.16010739048557138 0.9686577348568531 1545215603.1437457
 
0.21245721243567145 0.16111625923802528 0.9715666169435102 1545215603.155653
 
0.2129514951225799 0.1618354450101936 0.9686577348568531 1545215603.167505
 
0.2134436836946206 0.16255606554766072 0.9715666169435102 1545215603.1815996
 
0.2140343099810694 0.16342081019262122 0.9715666169435104 1545215603.193984
 
0.21452859266797786 0.16413999596478954 0.9686577348568528 1545215603.2071989
 
0.2150207812400185 0.16486061650225659 0.9715666169435102 1545215603.2189825
 
0.21551506392692701 0.16557980227442493 0.9686577348568531 1545215603.2302544
 
0.21600725249896768 0.166300422811892 0.9715666169435102 1545215603.2443805
 
0.21659787878541648 0.1671651674568525 0.9715666169435104 1545215603.2581465
 
0.21699162964304902 0.16774166388682618 0.9715666169435108 1545215603.2697568
 
0.21748591232995745 0.16846084965899444 0.9686577348568531 1545215603.283314
 
0.21797810090199815 0.16918147019646157 0.9715666169435102 1545215603.2946217
 
0.21847238358890658 0.16990065596862983 0.9686577348568535 1545215603.307662
 
0.21896457216094725 0.1706212765060969 0.9715666169435099 1545215603.3199644
 
0.2193583230185798 0.17119777293607058 0.9715666169435102 1545215603.3315327
 
0.21985260570548826 0.1719169587082389 0.9686577348568528 1545215603.3444252
 
0.22034479427752893 0.17263757924570597 0.9715666169435099 1545215603.358244
 
0.22083488457000433 0.17335962845087696 0.9744754990301675 1545215603.3700953
 
0.22132707314204503 0.1740802489883441 0.9715666169435104 1545215603.3817353
 
0.22172082399967755 0.17465674541831772 0.9715666169435099 1545215603.3946986
 
0.2221145748573101 0.1752332418482914 0.9715666169435102 1545215603.4082856
 
0.22250832571494267 0.17580973827826513 0.9715666169435102 1545215603.4201217
 
0.22299841600741807 0.17653178748343612 0.9744754990301678 1545215603.4318614
 
0.22339048824139845 0.177109426847573 0.9744754990301678 1545215603.44528
 
0.22378256047537878 0.1776870662117098 0.9744754990301672 1545215603.4570231
 
0.22427054834134635 0.17841053797490114 0.9773843811168248 1545215603.4686253
 
0.22466093863412043 0.17898931538545423 0.9773843811168248 1545215603.4801989
 
0.2250513289268945 0.17956809279600733 0.9773843811168246 1545215603.4937103
 
0.22544171921966852 0.18014687020656037 0.9773843811168248 1545215603.5053318
 
0.22593180951214398 0.18086891941173144 0.974475499030167 1545215603.5191905
 
0.2263238817461243 0.18144655877586824 0.9744754990301675 1545215603.5304847
 
0.22661667446570483 0.18188064183378302 0.9773843811168246 1545215603.543784
 
0.22700706475847893 0.18245941924433615 0.9773843811168246 1545215603.5556211
 
0.2274929460687858 0.18318430744382702 0.9802932632034819 1545215603.5680306
 
0.2278816511170314 0.18376421800341983 0.9802932632034822 1545215603.5799913
 
0.2282703561652769 0.18434412856301252 0.9802932632034815 1545215603.593256
 
0.22875412680859522 0.185070427065097 0.9832021452901395 1545215603.6046295
 
0.2291411433232499 0.1856514658667646 0.9832021452901389 1545215603.6181154
 
0.22952815983790456 0.1862325046684322 0.9832021452901395 1545215603.6312988
 
0.2299151763525592 0.18681354347009974 0.9832021452901389 1545215603.6445553
 
0.23030219286721387 0.18739458227176733 0.9832021452901395 1545215603.6563065
 
0.23068920938186854 0.18797562107343493 0.9832021452901389 1545215603.668565
 
0.23107622589652319 0.18855665987510248 0.9832021452901392 1545215603.6802762
 
0.23146324241117786 0.18913769867677008 0.9832021452901389 1545215603.6936715
 
0.23175223594089467 0.18957432027219326 0.9861110273767962 1545215603.705333
 
0.23213756064718372 0.1901564823994241 0.9861110273767957 1545215603.723501
 
0.23271554770661734 0.19102972559027037 0.9861110273767957 1545215603.7351916
 
0.2330032699347155 0.1914671859853535 0.9890199094634533 1545215603.748404
 
0.2333868995721797 0.192050466512131 0.9890199094634539 1545215603.7602308
 
0.23386431372533342 0.192780959000686 0.9919287915501109 1545215603.7746203
 
0.23414948605721034 0.1932200858831926 0.9948376736367686 1545215603.7865262
 
0.23443593454910255 0.19365838137632557 0.9919287915501109 1545215603.7993944
 
0.23481786587162556 0.19424277536716963 0.9919287915501112 1545215603.8127258
 
0.23519979719414852 0.1948271693580136 0.9919287915501106 1545215603.8246522
 
0.23548496952602543 0.1952662962405202 0.9948376736367682 1545215603.836483
 
0.2358651993018613 0.19585179875052894 0.9948376736367677 1545215603.8506455
 
0.2361490930607118 0.1962917533066978 0.9977465557234253 1545215603.8632765
 
0.2365276180725125 0.19687835938158965 0.9977465557234246 1545215603.8744957
 
0.2367168805784128 0.19717166241903555 0.9977465557234253 1545215603.8862877
 
0.23709540559021347 0.19775826849392739 0.9977465557234253 1545215603.9000285
 
0.23737801837384528 0.198199047001044 1.0006554378100823 1545215603.9132369
 
0.23775483541868767 0.19878675167719945 1.000655437810082 1545215603.92518
 
0.23813165246353007 0.19937445635335496 1.0006554378100823 1545215603.9372494
 
0.23841298188058987 0.19981605508173259 1.003564319896739 1545215603.949758
 
0.23869559466422172 0.20025683358884924 1.0006554378100823 1545215603.9613986
 
0.23897692408128157 0.20069843231722698 1.0035643198967397 1545215603.9737692
 
0.2392569677512755 0.20114084753023878 1.0064732019833966 1545215603.985339
 
0.2394436635312715 0.20143579100558007 1.0064732019833973 1545215603.997828
 
0.2398170550912635 0.20202567795626256 1.0064732019833973 1545215604.010281
 
0.24019044665125547 0.20261556490694502 1.0064732019833973 1545215604.0233364
 
0.24037714243125144 0.20291050838228625 1.0064732019833966 1545215604.0346565
 
0.24065589798456513 0.20335373633639658 1.0093820840700543 1545215604.0476987
 
0.24102757205565006 0.20394470694187702 1.0093820840700538 1545215604.0593941
 
0.24121340909119252 0.20424019224461723 1.0093820840700543 1545215604.0711112
 
0.241490874169111 0.20468422918941323 1.012290966156711 1545215604.0833952
 
0.2417696297224247 0.20512745714352357 1.009382084070054 1545215604.095904
 
0.24204709480034314 0.2055714940883195 1.012290966156711 1545215604.1085978
 
0.24232326705507093 0.20601633626654303 1.0151998482433686 1545215604.1251512
 
0.24269149672804127 0.20660945917084098 1.0151998482433682 1545215604.1377296
 
0.24287561156452647 0.20690602062299 1.0151998482433682 1545215604.150976
 
0.2431504886592074 0.20735166427056928 1.0181087303300258 1545215604.163688
 
0.2435169914521154 0.2079458558006751 1.0181087303300258 1545215604.175076
 
0.24360818465502776 0.20809466958270234 1.0210176124166828 1545215604.18665
 
0.2438830617497087 0.20854031323028163 1.0181087303300254 1545215604.1995997
 
0.24415664135844584 0.2089867545763634 1.0210176124166828 1545215604.2126994
 
0.24433902776427058 0.20928438214041786 1.0210176124166828 1545215604.2241526
 
0.24461390485895151 0.20973002578799715 1.018108730330026 1545215604.2367108
 
0.2447954247308683 0.21002818263265122 1.0239264945033406 1545215604.2493887
 
0.2450690043396054 0.21047462397873293 1.021017612416683 1545215604.260678
 
0.24534128414748052 0.2109218592457139 1.0239264945033406 1545215604.2734587
 
0.24552280401939724 0.21122001609036786 1.0239264945033402 1545215604.2857819
 
0.2457937817224905 0.21166804149392704 1.0268353765899971 1545215604.298332
 
0.24597443352455264 0.2119667250962998 1.0268353765899978 1545215604.3106155
 
0.24624671333242773 0.21241396036328072 1.0239264945033402 1545215604.3231974
 
0.24642823320434445 0.21271211720793468 1.0239264945033402 1545215604.3353305
 
0.24660975307626118 0.21301027405258863 1.0239264945033402 1545215604.3471673
 
0.24688073077935443 0.2134582994561478 1.0268353765899974 1545215604.3598218
 
0.2470613825814166 0.21375698305852062 1.0268353765899971 1545215604.3714201
 
0.24724203438347875 0.21405566666089337 1.0268353765899978 1545215604.3836114
 
0.2474226861855409 0.21435435026326613 1.0268353765899974 1545215604.3953192
 
0.24760333798760306 0.21465303386563894 1.0268353765899971 1545215604.4090781
 
0.24787301129301248 0.2151018456147695 1.0297442586766545 1545215604.4203515
 
0.24814398899610574 0.21554987101832868 1.0268353765899974 1545215604.4374487
 
0.24832464079816788 0.21584855462070143 1.026835376589997 1545215604.453404
 
0.24859431410357727 0.21629736636983193 1.0297442586766545 1545215604.464692
 
0.24877409630718353 0.2165965742025856 1.0297442586766545 1545215604.476558
 
0.2489538785107898 0.21689578203533927 1.0297442586766545 1545215604.4893925
 
0.24922224513665073 0.21734537633238066 1.0326531407633115 1545215604.5044057
 
0.24940115622055797 0.21764510586374153 1.0326531407633122 1545215604.5163665
 
0.24958006730446522 0.2179448353951024 1.0326531407633122 1545215604.527923
 
0.24975897838837252 0.21824456492646335 1.0326531407633115 1545215604.5531893
 
0.250116800556187 0.21884402398918507 1.0326531407633122 1545215604.5645761
 
0.2502957116400943 0.21914375352054594 1.0326531407633117 1545215604.5766616
 
0.25047462272400156 0.21944348305190683 1.0326531407633122 1545215604.588483
 
0.25065353380790883 0.2197432125832677 1.0326531407633117 1545215604.6001391
 
0.2509205914834131 0.22019358562393765 1.0355620228499693 1545215604.6153135
 
0.2510100470253667 0.22034345038961808 1.0326531407633124 1545215604.628377
 
0.251277104700871 0.22079382343028803 1.035562022849969 1545215604.6406431
 
0.25145688690447726 0.2210930312630417 1.0297442586766548 1545215604.6539419
 
0.25163492535481347 0.22139327995682162 1.0355620228499693 1545215604.6656284
 
0.25181296380514967 0.2216935286506016 1.035562022849969 1545215604.6773043
 
0.2519910022554859 0.22199377734438153 1.035562022849969 1545215604.6893322
 
0.2520804577974395 0.2221436421100619 1.0326531407633117 1545215604.700598
 
0.25234751547294376 0.22259401515073185 1.0355620228499693 1545215604.715174
 
0.2524369710148974 0.2227438799164123 1.0326531407633117 1545215604.7309706
 
0.2527040286904017 0.22319425295708223 1.035562022849969 1545215604.753166
 
0.2530601055910741 0.2237947503446422 1.035562022849969 1545215604.7655993
 
0.2532381440414103 0.22409499903842212 1.035562022849969 1545215604.7777195
 
0.2534161824917465 0.22439524773220204 1.0355620228499685 1545215604.7897666
 
0.25350563803370013 0.22454511249788242 1.0326531407633115 1545215604.8042784
 
0.25377269570920447 0.22499548553855242 1.035562022849969 1545215604.8172483
 
0.25377269570920447 0.22499548553855242 1.035562022849969 1545215604.8293598
 
0.2541287726098768 0.2255959829261123 1.0355620228499685 1545215604.8436477
 
0.2541287726098768 0.2255959829261123 1.0355620228499685 1545215604.8574896
 
0.2544848495105492 0.22619648031367223 1.0355620228499685 1545215604.8701887
 
0.2544848495105492 0.22619648031367223 1.0355620228499685 1545215604.8872192
 
0.25484092641122164 0.22679697770123217 1.0355620228499691 1545215604.9001887
 
0.25501896486155784 0.2270972263950121 1.0355620228499685 1545215604.9144168
 
0.25519700331189404 0.22739747508879202 1.0355620228499691 1545215604.9260204
 
0.2552855854670325 0.22754785774660105 1.038470904936626 1545215604.9380763
 
0.25546274977730943 0.22784862306221906 1.0384709049366267 1545215604.950216
 
0.2555517690024775 0.22799874740910903 1.0355620228499693 1545215604.9634473
 
0.2557298074528137 0.22829899610288895 1.0355620228499691 1545215604.9746
 
0.2559078459031499 0.22859924479666893 1.0355620228499691 1545215604.9870152
 
0.2560858843534861 0.22889949349044886 1.035562022849969 1545215604.998644
 
0.2562639228038223 0.22919974218422878 1.0355620228499693 1545215605.013144
 
0.256353378345776 0.22934960694990925 1.0326531407633122 1545215605.0243669
 
0.25653228942968326 0.22964933648127012 1.0326531407633117 1545215605.0360167
 
0.25662130865485133 0.22979946082816008 1.035562022849969 1545215605.0496247
 
0.25688967528071227 0.2302490551252014 1.0326531407633117 1545215605.064336
 
0.2569786945058804 0.23039917947209143 1.035562022849969 1545215605.0759087
 
0.2571567329562166 0.23069942816587136 1.035562022849969 1545215605.087659
 
0.2573347714065528 0.23099967685965128 1.035562022849969 1545215605.0994213
 
0.2574242269485064 0.23114954162533166 1.0326531407633117 1545215605.1138282
 
0.25769128462401075 0.23159991466600166 1.035562022849969 1545215605.1318114
 
0.25778074016596436 0.23174977943168204 1.0326531407633117 1545215605.1483517
 
0.25804779784146864 0.23220015247235198 1.035562022849969 1545215605.1656573
 
0.2582275800450749 0.23249936030510565 1.029744258676654 1545215605.1806803
 
0.2584056184954111 0.23279960899888563 1.035562022849969 1545215605.196634
 
0.25858540069901736 0.2330988168316393 1.0297442586766545 1545215605.2137542
 
0.25876343914935357 0.23339906552541922 1.0355620228499691 1545215605.2252893
 
0.25885289469130723 0.2335489302910997 1.0326531407633117 1545215605.2374194
 
0.2590318057752145 0.2338486598224606 1.0326531407633115 1545215605.2605479
 
0.2593014790806239 0.23429747157159103 1.0297442586766545 1545215605.273779
 
0.25939093462257756 0.2344473363372715 1.0326531407633115 1545215605.285264
 
0.25956984570648484 0.2347470658686324 1.0326531407633115 1545215605.2972126
 
0.25965973680828797 0.23489666978500923 1.0297442586766545 1545215605.3099904
 
0.2598395190118942 0.2351958776177629 1.0297442586766545 1545215605.3232973
 
0.25992897455384784 0.23534574238344333 1.0326531407633115 1545215605.3345225
 
0.26001886565565097 0.23549534629982016 1.0297442586766545 1545215605.3464115
 
0.2601986478592573 0.23579455413257389 1.0297442586766545 1545215605.3594646
 
0.2602881034012109 0.23594441889825427 1.0326531407633115 1545215605.3730307
 
0.2603779945030141 0.23609402281463115 1.0297442586766545 1545215605.3847032
 
0.26055777670662034 0.23639323064738482 1.0297442586766545 1545215605.3964853
 
0.26073755891022665 0.23669243848013855 1.0297442586766545 1545215605.4116447
 
0.26073755891022665 0.23669243848013855 1.0297442586766545 1545215605.4260309
 
0.2609173411138329 0.2369916463128922 1.0297442586766545 1545215605.4377382
 
0.26109712331743923 0.23729085414564596 1.029744258676655 1545215605.4493704
 
0.26109712331743923 0.23729085414564596 1.029744258676655 1545215605.4614518
 
0.2612769055210455 0.23759006197839963 1.0297442586766548 1545215605.4756632
 
0.26145668772465175 0.2378892698111533 1.0297442586766545 1545215605.4892855
 
0.26154701362568283 0.2380386116123397 1.0268353765899971 1545215605.5044382
 
0.261727665427745 0.23833729521471245 1.0268353765899978 1545215605.5172012
 
0.2618175565295482 0.23848689913108934 1.0297442586766548 1545215605.5292423
 
0.2619078824305792 0.23863624093227567 1.0268353765899978 1545215605.5404742
 
0.2620885342326414 0.23893492453464849 1.0268353765899971 1545215605.5590243
 
0.2621784253344446 0.23908452845102537 1.0297442586766548 1545215605.5717518
 
0.26235820753805084 0.23938373628377904 1.0297442586766548 1545215605.5839164
 
0.26244853343908187 0.23953307808496538 1.0268353765899978 1545215605.5994685
 
0.2626291852411441 0.23983176168733822 1.0268353765899971 1545215605.6118753
 
0.2627199451771024 0.23998084010966514 1.0239264945033402 1545215605.6316884
 
0.26299092288019565 0.24042886551322432 1.0268353765899978 1545215605.6484556
 
0.26299092288019565 0.24042886551322432 1.0268353765899978 1545215605.6606524
 
0.2631715746822578 0.24072754911559707 1.0268353765899978 1545215605.6740503
 
0.26326146578406096 0.2408771530319739 1.0297442586766548 1545215605.685637
 
0.26335179168509204 0.24102649483316033 1.0268353765899971 1545215605.697275
 
0.26344255162105035 0.24117557325548725 1.0239264945033402 1545215605.7104852
 
0.26353287752208143 0.24132491505667367 1.0268353765899971 1545215605.7274284
 
0.2637135293241436 0.24162359865904642 1.0268353765899978 1545215605.7414496
 
0.263804289260102 0.24177267708137345 1.0239264945033404 1545215605.753924
 
0.26398580913201874 0.2420708339260274 1.0239264945033402 1545215605.777163
 
0.2641673290039355 0.24236899077068141 1.0239264945033397 1545215605.7886977
 
0.2641673290039355 0.24236899077068141 1.0239264945033397 1545215605.8040419
 
0.26434884887585225 0.24266714761533537 1.0239264945033404 1545215605.8192794
 
0.264530368747769 0.24296530445998932 1.0239264945033402 1545215605.8318567
 
0.26462156195068137 0.2431141182420166 1.0210176124166828 1545215605.8462338
 
0.2648039483565061 0.24341174580607106 1.0210176124166828 1545215605.8599317
 
0.2648947082924644 0.24356082422839798 1.0239264945033397 1545215605.8860269
 
0.2650779596889184 0.24385791999345088 1.0181087303300251 1545215605.898029
 
0.2651691528918308 0.24400673377547816 1.0210176124166828 1545215605.910489
 
0.2652599128277892 0.2441558121978052 1.0239264945033397 1545215605.9236312
 
0.26535110603070156 0.24430462597983238 1.0210176124166828 1545215605.9350753
 
0.2654427317289285 0.24445317386235876 1.0181087303300258 1545215605.9470837
 
0.2655339249318409 0.24460198764438604 1.0210176124166828 1545215605.9586408
 
0.26562555063006793 0.2447505355269125 1.0181087303300258 1545215605.9706166
 
0.2657167438329803 0.2448993493089397 1.0210176124166828 1545215605.9859035
 
0.2658083695312073 0.24504789719146616 1.0181087303300251 1545215605.9977179
 
0.2658995627341197 0.2451967109734934 1.0210176124166828 1545215606.0101807
 
0.26599118843234665 0.24534525885601985 1.0181087303300258 1545215606.021861
 
0.2661744398288006 0.24564235462107276 1.0181087303300258 1545215606.0350332
 
0.2661744398288006 0.24564235462107276 1.0181087303300258 1545215606.049452
 
0.2663576912252546 0.24593945038612566 1.0181087303300258 1545215606.0617304
 
0.2663576912252546 0.24593945038612566 1.0181087303300258 1545215606.0756483
 
0.2665409426217085 0.24623654615117846 1.0181087303300258 1545215606.0874958
 
0.2665409426217085 0.24623654615117846 1.0181087303300258 1545215606.0993054
 
0.2666321358246209 0.2463853599332057 1.0210176124166828 1545215606.1116297
 
0.26672376152284794 0.24653390781573217 1.0181087303300254 1545215606.12381
 
0.2669070129193019 0.24683100358078502 1.018108730330026 1545215606.136502
 
0.2669070129193019 0.24683100358078502 1.018108730330026 1545215606.1483278
 
0.2669070129193019 0.24683100358078502 1.018108730330026 1545215606.1599
 
0.2670902643157559 0.24712809934583788 1.0181087303300258 1545215606.1714883
 
0.2671823217339985 0.2472763800719124 1.0151998482433684 1545215606.1850357
 
0.26727394743222543 0.24742492795443885 1.0181087303300254 1545215606.1970093
 
0.267366004850468 0.24757320868051333 1.0151998482433684 1545215606.2206414
 
0.2675501196869532 0.24786977013266234 1.015199848243369 1545215606.2363462
 
0.2675501196869532 0.24786977013266234 1.015199848243369 1545215606.2482488
 
0.26773423452343836 0.24816633158481133 1.0151998482433686 1545215606.2599015
 
0.26782672288274456 0.24831434389974336 1.0122909661567117 1545215606.2714992
 
0.26782672288274456 0.24831434389974336 1.0122909661567117 1545215606.2856045
 
0.2679187803009871 0.2484626246258178 1.0151998482433686 1545215606.297306
 
0.2680112686602933 0.24861063694074984 1.012290966156711 1545215606.30989
 
0.2681962453789056 0.2489066615706138 1.0122909661567117 1545215606.3216174
 
0.2681962453789056 0.2489066615706138 1.0122909661567117 1545215606.3345788
 
0.26828830279714816 0.2490549422966883 1.0151998482433686 1545215606.346415
 
0.26838079115645436 0.24920295461162031 1.012290966156711 1545215606.3656623
 
0.26856576787506664 0.2494989792414843 1.012290966156711 1545215606.3812523
 
0.26856576787506664 0.2494989792414843 1.012290966156711 1545215606.3934274
 
0.26865868639283785 0.24964672189285433 1.009382084070054 1545215606.4056377
 
0.26875117475214405 0.24979473420778636 1.0122909661567117 1545215606.4176598
 
0.2688440932699153 0.2499424768591565 1.009382084070054 1545215606.4294765
 
0.26893658162922146 0.2500904891740885 1.012290966156711 1545215606.441848
 
0.26902950014699273 0.2502382318254586 1.009382084070054 1545215606.4540029
 
0.26902950014699273 0.2502382318254586 1.009382084070054 1545215606.4656174
 
0.26902950014699273 0.2502382318254586 1.009382084070054 1545215606.4773018
 
0.26921533718253515 0.2505337171281988 1.009382084070054 1545215606.496269
 
0.26921533718253515 0.2505337171281988 1.009382084070054 1545215606.5098157
 
0.26940117421807763 0.25082920243093904 1.009382084070054 1545215606.5214283
 
0.26940117421807763 0.25082920243093904 1.009382084070054 1545215606.5343366
 
0.2694945221080757 0.2509766741686097 1.0064732019833964 1545215606.5464602
 
0.2695874406258469 0.25112441681997977 1.009382084070054 1545215606.5689847
 
0.2697732776613893 0.2514199021227199 1.009382084070054 1545215606.5801954
 
0.2697732776613893 0.2514199021227199 1.009382084070054 1545215606.593812
 
0.26986662555138735 0.2515673738603906 1.006473201983397 1545215606.6087017
 
0.26986662555138735 0.2515673738603906 1.006473201983397 1545215606.6202114
 
0.2700533213313834 0.25186231733573183 1.0064732019833964 1545215606.6317444
 
0.2700533213313834 0.25186231733573183 1.0064732019833964 1545215606.6449707
 
0.27024001711137935 0.25215726081107304 1.0064732019833964 1545215606.656659
 
0.27024001711137935 0.25215726081107304 1.0064732019833964 1545215606.668657
 
0.27024001711137935 0.25215726081107304 1.0064732019833964 1545215606.6802118
 
0.27024001711137935 0.25215726081107304 1.0064732019833964 1545215606.6939914
 
0.2704267128913754 0.2524522042864143 1.006473201983397 1545215606.7066371
 
0.27052048936372863 0.2525994038625402 1.0035643198967399 1545215606.7235847
 
0.2706138372537266 0.2527468756002108 1.006473201983397 1545215606.7366703
 
0.2706138372537266 0.2527468756002108 1.006473201983397 1545215606.7490017
 
0.2707076137260799 0.2528940751763367 1.0035643198967394 1545215606.7603168
 
0.2707076137260799 0.2528940751763367 1.0035643198967394 1545215606.7718444
 
0.27080096161607786 0.2530415469140073 1.0064732019833964 1545215606.7842097
 
0.2708947380884311 0.25318874649013323 1.0035643198967394 1545215606.7993865
 
0.2708947380884311 0.25318874649013323 1.0035643198967394 1545215606.814114
 
0.27098808597842916 0.2533362182278039 1.006473201983397 1545215606.8270338
 
0.2710818624507825 0.25348341780392986 1.0035643198967399 1545215606.8397462
 
0.2710818624507825 0.25348341780392986 1.0035643198967399 1545215606.8533993
 
0.271269415395489 0.25377781695618157 1.0035643198967399 1545215606.864678
 
0.271269415395489 0.25377781695618157 1.0035643198967399 1545215606.876646
 
0.27136276328548703 0.2539252886938522 1.006473201983397 1545215606.8900137
 
0.27145653975784034 0.2540724882699782 1.0035643198967394 1545215606.9022617
 
0.27145653975784034 0.2540724882699782 1.0035643198967394 1545215606.9145834
 
0.27145653975784034 0.2540724882699782 1.0035643198967394 1545215606.9264638
 
0.27155074401905094 0.254219414439017 1.0006554378100823 1545215606.9381921
 
0.2716445204914042 0.25436661401514293 1.0035643198967394 1545215606.9506068
 
0.2716445204914042 0.25436661401514293 1.0035643198967394 1545215606.963311
 
0.2717378683814022 0.25451408575281353 1.006473201983397 1545215606.9747298
 
0.27183164485375544 0.25466128532893945 1.0035643198967399 1545215606.9865637
 
0.27183164485375544 0.25466128532893945 1.0035643198967399 1545215607.0014818
 
0.27192584911496603 0.2548082114979783 1.0006554378100823 1545215607.0145097
 
0.27192584911496603 0.2548082114979783 1.0006554378100823 1545215607.0278058
 
0.27201962558731935 0.25495541107410424 1.0035643198967394 1545215607.040045
 
0.27201962558731935 0.25495541107410424 1.0035643198967394 1545215607.053397
 
0.27211382984852994 0.25510233724314313 1.0006554378100823 1545215607.0649984
 
0.2722076063208832 0.255249536819269 1.0035643198967394 1545215607.0766551
 
0.2722076063208832 0.255249536819269 1.0035643198967394 1545215607.0885723
 
0.27230181058209374 0.2553964629883078 1.0006554378100823 1545215607.102297
 
0.27230181058209374 0.2553964629883078 1.0006554378100823 1545215607.1150393
 
0.27230181058209374 0.2553964629883078 1.0006554378100823 1545215607.1266088
 
0.27230181058209374 0.2553964629883078 1.0006554378100823 1545215607.138289
 
0.27239558705444705 0.2555436625644338 1.0035643198967399 1545215607.1513598
 
0.27239558705444705 0.2555436625644338 1.0035643198967399 1545215607.1636004
 
0.2725831399991536 0.2558380617166856 1.0035643198967399 1545215607.17501
 
0.2725831399991536 0.2558380617166856 1.0035643198967399 1545215607.18804
 
0.2725831399991536 0.2558380617166856 1.0035643198967399 1545215607.218453
 
0.2726773442603642 0.2559849878857245 1.0006554378100823 1545215607.2389696
 
0.27277197551331434 0.2561316394044474 0.9977465557234253 1545215607.2654996
 
0.2729612380192147 0.2564249424418933 0.9977465557234246 1545215607.281401
 
0.2729612380192147 0.2564249424418933 0.9977465557234246 1545215607.2936258
 
0.2729612380192147 0.2564249424418933 0.9977465557234246 1545215607.307533
 
0.2729612380192147 0.2564249424418933 0.9977465557234246 1545215607.319473
 
0.2729612380192147 0.2564249424418933 0.9977465557234246 1545215607.3313787
 
0.2731505005251151 0.2567182454793393 0.9977465557234253 1545215607.3436346
 
0.2731505005251151 0.2567182454793393 0.9977465557234253 1545215607.3562226
 
0.2731505005251151 0.2567182454793393 0.9977465557234253 1545215607.3679352
 
0.2731505005251151 0.2567182454793393 0.9977465557234253 1545215607.3797028
 
0.2731505005251151 0.2567182454793393 0.9977465557234253 1545215607.3915503
 
0.2733397630310154 0.2570115485167852 0.9977465557234253 1545215607.4065135
 
0.2733397630310154 0.2570115485167852 0.9977465557234253 1545215607.4186966
 
0.2733397630310154 0.2570115485167852 0.9977465557234253 1545215607.4302435
 
0.2733397630310154 0.2570115485167852 0.9977465557234253 1545215607.4432495
 
0.2733397630310154 0.2570115485167852 0.9977465557234253 1545215607.4564097
 
0.2733397630310154 0.2570115485167852 0.9977465557234253 1545215607.4680688
 
0.27352902553691577 0.25730485155423116 0.9977465557234253 1545215607.4805055
 
0.27352902553691577 0.25730485155423116 0.9977465557234253 1545215607.4951274
 
0.27352902553691577 0.25730485155423116 0.9977465557234253 1545215607.5133953
 
0.27352902553691577 0.25730485155423116 0.9977465557234253 1545215607.5258372
 
0.2736240829808747 0.2574512271817333 0.9948376736367682 1545215607.5377307
 
0.2736240829808747 0.2574512271817333 0.9948376736367682 1545215607.5506554
 
0.2736240829808747 0.2574512271817333 0.9948376736367682 1545215607.5632985
 
0.2736240829808747 0.2574512271817333 0.9948376736367682 1545215607.577664
 
0.2736240829808747 0.2574512271817333 0.9948376736367682 1545215607.5893407
 
0.27371956581150547 0.2575973256794443 0.9919287915501112 1545215607.603766
 
0.27371956581150547 0.2575973256794443 0.9919287915501112 1545215607.6158679
 
0.27371956581150547 0.2575973256794443 0.9919287915501112 1545215607.627841
 
0.27371956581150547 0.2575973256794443 0.9919287915501112 1545215607.6395893
 
0.27371956581150547 0.2575973256794443 0.9919287915501112 1545215607.6544707
 
0.27381462325546446 0.2577437013069465 0.9948376736367682 1545215607.666265
 
0.27391010608609523 0.25788979980465754 0.9919287915501106 1545215607.6779041
 
0.27400516353005416 0.2580361754321597 0.9948376736367677 1545215607.6898818
 
0.27400516353005416 0.2580361754321597 0.9948376736367677 1545215607.7015362
 
0.27400516353005416 0.2580361754321597 0.9948376736367677 1545215607.7291985
 
0.27400516353005416 0.2580361754321597 0.9948376736367677 1545215607.7406647
 
0.27400516353005416 0.2580361754321597 0.9948376736367677 1545215607.7573707
 
0.27409979478300434 0.2581828269508827 0.9977465557234253 1545215607.783699
 
0.27409979478300434 0.2581828269508827 0.9977465557234253 1545215607.809679
 
0.2741939990442149 0.2583297531199215 1.0006554378100823 1545215607.8340652
 
0.2741939990442149 0.2583297531199215 1.0006554378100823 1545215607.8630464
 
0.2741939990442149 0.2583297531199215 1.0006554378100823 1545215607.8870573
 
0.2741939990442149 0.2583297531199215 1.0006554378100823 1545215607.9005783
 
0.2741939990442149 0.2583297531199215 1.0006554378100823 1545215607.9140422
 
0.2741939990442149 0.2583297531199215 1.0006554378100823 1545215607.925687
 
0.2741939990442149 0.2583297531199215 1.0006554378100823 1545215607.9533963
 
0.2741939990442149 0.2583297531199215 1.0006554378100823 1545215607.9660208
 
0.2741939990442149 0.2583297531199215 1.0006554378100823 1545215607.9780972
 
0.2741939990442149 0.2583297531199215 1.0006554378100823 1545215607.9900343
 
0.2741939990442149 0.2583297531199215 1.0006554378100823 1545215608.0040753
 
0.2741939990442149 0.2583297531199215 1.0006554378100823 1545215608.0163026
 
0.2741939990442149 0.2583297531199215 1.0006554378100823 1545215608.0278726
 
0.2741939990442149 0.2583297531199215 1.0006554378100823 1545215608.0418098
 
0.2741939990442149 0.2583297531199215 1.0006554378100823 1545215608.0552
 
0.2741939990442149 0.2583297531199215 1.0006554378100823 1545215608.0669987
 
0.2741939990442149 0.2583297531199215 1.0006554378100823 1545215608.0784564
 
0.2741939990442149 0.2583297531199215 1.0006554378100823 1545215608.0901465
 
0.2741939990442149 0.2583297531199215 1.0006554378100823 1545215608.1044893
 
0.2741939990442149 0.2583297531199215 1.0006554378100823 1545215608.1165242
 
0.2741939990442149 0.2583297531199215 1.0006554378100823 1545215608.1377206
 
0.2741939990442149 0.2583297531199215 1.0006554378100823 1545215608.1502872
 
0.2741939990442149 0.2583297531199215 1.0006554378100823 1545215608.1618426
 
0.2741939990442149 0.2583297531199215 1.0006554378100823 1545215608.1743474
 
0.2741939990442149 0.2583297531199215 1.0006554378100823 1545215608.1872988
 
0.2741939990442149 0.2583297531199215 1.0006554378100823 1545215608.1999047
 
0.2741939990442149 0.2583297531199215 1.0006554378100823 1545215608.2127163
 
0.2741939990442149 0.2583297531199215 1.0006554378100823 1545215608.2270384
 
0.2741939990442149 0.2583297531199215 1.0006554378100823 1545215608.239889
 
0.2741939990442149 0.2583297531199215 1.0006554378100823 1545215608.2538886
 
0.2741939990442149 0.2583297531199215 1.0006554378100823 1545215608.2655556
 
0.2741939990442149 0.2583297531199215 1.0006554378100823 1545215608.2773001
 
0.2741939990442149 0.2583297531199215 1.0006554378100823 1545215608.2892854
 
0.2741939990442149 0.2583297531199215 1.0006554378100823 1545215608.3022325
 
0.2741939990442149 0.2583297531199215 1.0006554378100823 1545215608.3146734
 
0.2741939990442149 0.2583297531199215 1.0006554378100823 1545215608.3271623
 
0.2741939990442149 0.2583297531199215 1.0006554378100823 1545215608.338702
 
0.2741939990442149 0.2583297531199215 1.0006554378100823 1545215608.3515916
 
0.2741939990442149 0.2583297531199215 1.0006554378100823 1545215608.3638706
 
0.2741939990442149 0.2583297531199215 1.0006554378100823 1545215608.3754542
 
0.2741939990442149 0.2583297531199215 1.0006554378100823 1545215608.3871608
 
0.2741939990442149 0.2583297531199215 1.0006554378100823 1545215608.4000425
 
0.2741939990442149 0.2583297531199215 1.0006554378100823 1545215608.4143958
 
0.2741939990442149 0.2583297531199215 1.0006554378100823 1545215608.427448
 
0.2741939990442149 0.2583297531199215 1.0006554378100823 1545215608.442238
 
0.2741939990442149 0.2583297531199215 1.0006554378100823 1545215608.4549837
 
0.2741939990442149 0.2583297531199215 1.0006554378100823 1545215608.4673455
 
0.2741939990442149 0.2583297531199215 1.0006554378100823 1545215608.4790702
 
0.2741939990442149 0.2583297531199215 1.0006554378100823 1545215608.4917316
 
0.2741939990442149 0.2583297531199215 1.0006554378100823 1545215608.5056329
 
0.2741939990442149 0.2583297531199215 1.0006554378100823 1545215608.5172534
 
0.2741939990442149 0.2583297531199215 1.0006554378100823 1545215608.5298142
 
0.2741939990442149 0.2583297531199215 1.0006554378100823 1545215608.5414279
 
0.2741939990442149 0.2583297531199215 1.0006554378100823 1545215608.5566306
 
0.2741939990442149 0.2583297531199215 1.0006554378100823 1545215608.5683732
 
0.2741939990442149 0.2583297531199215 1.0006554378100823 1545215608.5800757
 
0.2741939990442149 0.2583297531199215 1.0006554378100823 1545215608.5918262
 
0.2741939990442149 0.2583297531199215 1.0006554378100823 1545215608.6058965
 
0.2741939990442149 0.2583297531199215 1.0006554378100823 1545215608.6178808
 
0.2741939990442149 0.2583297531199215 1.0006554378100823 1545215608.6313624
 
0.2741939990442149 0.2583297531199215 1.0006554378100823 1545215608.6436586
 
0.2741939990442149 0.2583297531199215 1.0006554378100823 1545215608.6563444
 
0.2741939990442149 0.2583297531199215 1.0006554378100823 1545215608.668466
 
0.2741939990442149 0.2583297531199215 1.0006554378100823 1545215608.6801362
 
0.2741939990442149 0.2583297531199215 1.0006554378100823 1545215608.6916819
 
0.2741939990442149 0.2583297531199215 1.0006554378100823 1545215608.7055733
 
0.2741939990442149 0.2583297531199215 1.0006554378100823 1545215608.7216215
 
0.2741939990442149 0.2583297531199215 1.0006554378100823 1545215608.7343187
 
0.2741939990442149 0.2583297531199215 1.0006554378100823 1545215608.7465239
 
0.2741939990442149 0.2583297531199215 1.0006554378100823 1545215608.759382
 
0.2741939990442149 0.2583297531199215 1.0006554378100823 1545215608.7712584
 
0.2741939990442149 0.2583297531199215 1.0006554378100823 1545215608.7835188
 
0.2741939990442149 0.2583297531199215 1.0006554378100823 1545215608.7946754
 
0.2741939990442149 0.2583297531199215 1.0006554378100823 1545215608.808187
 
0.2741939990442149 0.2583297531199215 1.0006554378100823 1545215608.8199508
 
0.2741939990442149 0.2583297531199215 1.0006554378100823 1545215608.8316457
 
0.2741939990442149 0.2583297531199215 1.0006554378100823 1545215608.8443596
 
0.2741939990442149 0.2583297531199215 1.0006554378100823 1545215608.8571687
 
0.2741939990442149 0.2583297531199215 1.0006554378100823 1545215608.8690639
 
0.2741939990442149 0.2583297531199215 1.0006554378100823 1545215608.880507
 
0.2741939990442149 0.2583297531199215 1.0006554378100823 1545215608.893308
 
0.2741939990442149 0.2583297531199215 1.0006554378100823 1545215608.905578
 
0.2741939990442149 0.2583297531199215 1.0006554378100823 1545215608.9182284
 
0.2741939990442149 0.2583297531199215 1.0006554378100823 1545215608.9299026
 
0.2741939990442149 0.2583297531199215 1.0006554378100823 1545215608.9438164
 
0.2741939990442149 0.2583297531199215 1.0006554378100823 1545215608.9556143
 
0.2741939990442149 0.2583297531199215 1.0006554378100823 1545215608.9690764
 
0.2741939990442149 0.2583297531199215 1.0006554378100823 1545215608.9804091
 
0.2741939990442149 0.2583297531199215 1.0006554378100823 1545215608.993401
 
0.2741939990442149 0.2583297531199215 1.0006554378100823 1545215609.0057533
 
0.2741939990442149 0.2583297531199215 1.0006554378100823 1545215609.0190763
 
0.2741939990442149 0.2583297531199215 1.0006554378100823 1545215609.0310416
 
0.2741939990442149 0.2583297531199215 1.0006554378100823 1545215609.0469706
 
0.2741939990442149 0.2583297531199215 1.0006554378100823 1545215609.0600705
 
0.2741939990442149 0.2583297531199215 1.0006554378100823 1545215609.073577
 
0.2741939990442149 0.2583297531199215 1.0006554378100823 1545215609.0850134
 
0.2741939990442149 0.2583297531199215 1.0006554378100823 1545215609.0980806
 
0.2741939990442149 0.2583297531199215 1.0006554378100823 1545215609.1116216
 
0.2741939990442149 0.2583297531199215 1.0006554378100823 1545215609.1237388
 
0.2741939990442149 0.2583297531199215 1.0006554378100823 1545215609.1359215
 
0.2741939990442149 0.2583297531199215 1.0006554378100823 1545215609.1510391
 
0.2741939990442149 0.2583297531199215 1.0006554378100823 1545215609.1669888
 
0.2741939990442149 0.2583297531199215 1.0006554378100823 1545215609.1786637
 
0.2741939990442149 0.2583297531199215 1.0006554378100823 1545215609.190335
 
0.2741939990442149 0.2583297531199215 1.0006554378100823 1545215609.203913
 
0.2741939990442149 0.2583297531199215 1.0006554378100823 1545215609.2183685
 
0.2741939990442149 0.2583297531199215 1.0006554378100823 1545215609.2300704
 
0.2741939990442149 0.2583297531199215 1.0006554378100823 1545215609.2429242
 
0.2741939990442149 0.2583297531199215 1.0006554378100823 1545215609.2573788
 
0.2741939990442149 0.2583297531199215 1.0006554378100823 1545215609.270439
 
0.2741939990442149 0.2583297531199215 1.0006554378100823 1545215609.2855284
 
0.2741939990442149 0.2583297531199215 1.0006554378100823 1545215609.3005593
 
0.2741939990442149 0.2583297531199215 1.0006554378100823 1545215609.3196783
 
0.2741939990442149 0.2583297531199215 1.0006554378100823 1545215609.3355734
 
0.2741939990442149 0.2583297531199215 1.0006554378100823 1545215609.3566098
 
0.2741939990442149 0.2583297531199215 1.0006554378100823 1545215609.3712747
 
0.2741939990442149 0.2583297531199215 1.0006554378100823 1545215609.3835258
 
0.2741939990442149 0.2583297531199215 1.0006554378100823 1545215609.3946419
 
0.2741939990442149 0.2583297531199215 1.0006554378100823 1545215609.4081206
 
