0.0 0.0 0.0 1545216142.3001542
 
0.00017453218678649057 5.076949836589188e-07 0.0029088820866572163 1545216142.3139539
 
0.0006981221014482252 3.5538519978935226e-06 0.005817764173314431 1545216142.3257482
 
0.0015707534990504258 1.1169190834832994e-05 0.008726646259971648 1545216142.3415563
 
0.0033160162942548273 2.639986850871194e-05 0.008726646259971648 1545216142.3573315
 
0.005061160946137611 5.1783758518030804e-05 0.014544410433286088 1545216142.3715649
 
0.00698050330371268 9.645694776335323e-05 0.023271056693257724 1545216142.3837812
 
0.00872535999241729 0.0001370689379863737 0.023271056693257734 1545216142.3954473
 
0.010818869061134575 0.00019798383047642972 0.029088820866572156 1545216142.40841
 
0.013086635663448906 0.0002705719274557897 0.031997702953229366 1545216142.4205496
 
0.015005328312477263 0.00033757415117801975 0.03490658503988659 1545216142.4331448
 
0.017097986906421163 0.00042284345468956346 0.040724349213201026 1545216142.4444509
 
0.020061419548697758 0.0005695077193399105 0.049450995473172686 1545216142.4614422
 
0.022675825557066726 0.0007065229323827682 0.05235987755982989 1545216142.47359
 
0.0247673503637619 0.0008161351028170543 0.05235987755982989 1545216142.4846902
 
0.027206677367351505 0.0009582097218665772 0.0581776417331443 1545216142.4964466
 
0.029471373386806398 0.0010967244642608107 0.06108652381980155 1545216142.5100327
 
0.03225765258941812 0.0012834171305149097 0.066904287993116 1545216142.5217245
 
0.03452009453210274 0.001454854729590672 0.07563093425308766 1545216142.5338671
 
0.036955455138277415 0.0016536514743124963 0.08144869842640205 1545216142.5453153
 
0.03921631487781126 0.0018448258254956467 0.08435758051305932 1545216142.5587015
 
0.041998911480314455 0.002080117334644139 0.08435758051305928 1545216142.5701659
 
0.044432444548569844 0.002300158770576197 0.09017534468637371 1545216142.5835552
 
0.0468646562918377 0.002534354124350335 0.09599310885968816 1545216142.5946689
 
0.049469856514021054 0.0027928570209235703 0.09890199094634541 1545216142.6084743
 
0.05241974772871779 0.0031115814368237603 0.10762863720631696 1545216142.6200771
 
0.05484750176185668 0.0033881890693962134 0.11344640137963148 1545216142.6317077
 
0.05727360548087166 0.003678916041659156 0.11926416555294585 1545216142.6440742
 
0.059697976771166006 0.003983752513584771 0.12508192972626028 1545216142.6577847
 
0.06264076699402205 0.004362472906617325 0.12799081181291755 1545216142.669453
 
0.0652363635714648 0.004704189678766959 0.13089969389957481 1545216142.681438
 
0.06748321054746256 0.00501996342822223 0.13962634015954628 1545216142.6935935
 
0.06972912947020465 0.005342271645406366 0.1425352222462036 1545216142.708074
 
0.07301024219662204 0.005822883891236607 0.14544410433286079 1545216142.7342284
 
0.07818176625470534 0.0066419728348010056 0.1570796326794896 1545216142.7463875
 
0.0807663260290216 0.007059037240123779 0.15998851476614692 1545216142.7646224
 
0.0857559149097537 0.007908935943109516 0.16871516102611855 1545216142.795689
 
0.09124446240170726 0.008942701010583372 0.1861684535460618 1545216142.821586
 
0.09655855716459244 0.009959623275350373 0.18907733563271897 1545216142.847063
 
0.10152701881428208 0.010925394386755943 0.19198621771937616 1545216142.8736565
 
0.10630714975120269 0.011941442583040288 0.20943951023931973 1545216142.8981164
 
0.11123554696831034 0.013094363167672013 0.22980168484592015 1545216142.91044
 
0.11361149490047162 0.013664777798864259 0.2356194490192345 1545216142.921869
 
0.11598408410504277 0.014249005403631314 0.24143721319254888 1545216142.934053
 
0.11921082308968217 0.01501375659147507 0.23271056693257733 1545216142.9799135
 
0.12777428641370436 0.017442354290693622 0.27634379823243554 1545216143.0202274
 
0.13646111500260522 0.02007057790701331 0.29379709075237875 1545216143.0605977
 
0.14424779748202693 0.022650803477685638 0.31997702953229357 1545216143.0816884
 
0.14672066951194299 0.023510335832434195 0.33452143996557976 1545216143.0938685
 
0.1491859466428638 0.02439141506437645 0.3432480862255515 1545216143.1070538
 
0.15164344113439102 0.025293974075917627 0.351974732485523 1545216143.1193857
 
0.15360520278010079 0.026027446700049403 0.35779249665883756 1545216143.1310327
 
0.15588381326484343 0.026909736724157293 0.3694280250054664 1545216143.143393
 
0.15799727375162764 0.027735157323123257 0.37233690709212375 1545216143.155777
 
0.16026281129632078 0.028650493906793476 0.38397243543875265 1545216143.1680734
 
0.16235902746175487 0.029518775072181997 0.3926990816987243 1545216143.1798124
 
0.16461101282331816 0.030466964588641537 0.39851684587203856 1545216143.1915345
 
0.16669437908360585 0.03136564107097013 0.4072434921320104 1545216143.2046947
 
0.16893233588573564 0.03234648294386324 0.4130612563053246 1545216143.2171857
 
0.17100241153360793 0.033275364640572506 0.4217879025652963 1545216143.2289922
 
0.17306430244024248 0.03422227555693849 0.43051454882526785 1545216143.2404625
 
0.17511785158466384 0.0351871435820288 0.43924119508523957 1545216143.2539175
 
0.17763130837191948 0.036404000568341616 0.45087672343186874 1545216143.2655342
 
0.1798243514134664 0.03748152720176748 0.45669448760518294 1545216143.2785952
 
0.18169869755736906 0.03841604171624322 0.4625122517784975 1545216143.2904375
 
0.18372032723286794 0.03944611348536306 0.47123889803846875 1545216143.3038058
 
0.18588441241435344 0.04058067805165899 0.48287442638509803 1545216143.3163614
 
0.18804186038086596 0.04172781348377257 0.4886921905584124 1545216143.3279126
 
0.18987953583705744 0.04273252227871768 0.5003277189050411 1545216143.339628
 
0.19186717636863318 0.043826743239782036 0.5032366009916982 1545216143.3509958
 
0.19399385652670253 0.04502996098112975 0.5148721293383275 1545216143.3639317
 
0.1958046020472224 0.046082430222887355 0.526507657684956 1545216143.376275
 
0.19790995925654825 0.047322580394825835 0.5323254218582706 1545216143.3878539
 
0.1998548101694472 0.04849116471826661 0.541052068118242 1545216143.3996632
 
0.20165005716596932 0.049569857939904254 0.5410520681182424 1545216143.413683
 
0.20372972752133942 0.05085261771508205 0.5526875964648711 1545216143.4249995
 
0.20565038198915084 0.05206055844610807 0.5614142427248431 1545216143.4366856
 
0.20756042218665605 0.0532852138418458 0.5701408889848142 1545216143.4482903
 
0.2096096809716866 0.05461601805727136 0.5759586531581288 1545216143.4610047
 
0.21164331677752315 0.05597057585856267 0.5875941815047578 1545216143.4737363
 
0.21337964900918235 0.05714174673688482 0.5934119456780719 1545216143.4851787
 
0.21524953201681996 0.05842688172284686 0.6021385919380439 1545216143.4973054
 
0.21710812904896704 0.05972828537525043 0.6108652381980156 1545216143.5106246
 
0.2192394784920018 0.06124856215823325 0.619591884457987 1545216143.5231376
 
0.2212204493831983 0.06267903612026526 0.6254096486313013 1545216143.5343683
 
0.22318464223375045 0.06413246237352312 0.6370451769779304 1545216143.5458813
 
0.2249966887263275 0.06549793734697912 0.6457718232379018 1545216143.5585997
 
0.2267967503558985 0.06687917321537433 0.6544984694978735 1545216143.5701423
 
0.22858469004080115 0.06827606479224972 0.6632251157578452 1545216143.58368
 
0.23036037162250622 0.06968850569890347 0.6719517620178169 1545216143.595281
 
0.2321236598759864 0.07111638837249204 0.6806784082777886 1545216143.6082685
 
0.23414376831140316 0.07278163725910292 0.6894050545377602 1545216143.6204097
 
0.23614926797375804 0.07446445128611107 0.698131700797732 1545216143.6351407
 
0.2380026662968334 0.07605675027934099 0.7097672291443607 1545216143.646672
 
0.23971071075894432 0.07755027580970454 0.7184938754043324 1545216143.6594696
 
0.24154075481806245 0.07916936202405686 0.7243116395776471 1545216143.6712444
 
0.24334226320193653 0.08082014031645442 0.7417649320975902 1545216143.6840367
 
0.2451341373139961 0.08248137136430725 0.7475826962709048 1545216143.6971097
 
0.24678449575589334 0.0840384042501687 0.7563093425308762 1545216143.7115178
 
0.24891281541092894 0.08610569689462545 0.7708537529641623 1545216143.728275
 
0.2510230137234262 0.08819148367993439 0.7795803992241337 1545216143.7400126
 
0.25275080153271007 0.0899192714892182 0.7853981633974486 1545216143.751741
 
0.25469065365127774 0.0919280471622659 0.802851455917392 1545216143.768156
 
0.25625248064099093 0.09357386940315303 0.8115781021773631 1545216143.7802706
 
0.25780951352685233 0.0952242278450502 0.8144869842640204 1545216143.7918508
 
0.25935208521414427 0.09688811094910554 0.8232136305239922 1545216143.8041294
 
0.2606450023814579 0.0983073487649366 0.8319402767839639 1545216143.8174036
 
0.2621583003634141 0.09999790003958127 0.8406669230439353 1545216143.8291469
 
0.26365678806791015 0.1017015927917727 0.8493935693039076 1545216143.8432481
 
0.26538008675679114 0.10367241332497758 0.8523024513905644 1545216143.8592396
 
0.2674064555502111 0.10607312861716517 0.8697557439105077 1545216143.877132
 
0.26930038938581513 0.10835708528448396 0.8784823901704795 1545216143.894522
 
0.2710577834456164 0.11052728621184413 0.8901179185171079 1545216143.9139066
 
0.27312212015534104 0.11312251313895148 0.8988445647770795 1545216143.929406
 
0.2747339181286588 0.11518552046768535 0.9075712110370515 1545216143.9414816
 
0.2759026561711471 0.11670864953886086 0.9162978572970238 1545216143.954365
 
0.277167954834434 0.11837763430140744 0.9221156214703373 1545216143.9673436
 
0.2783144170284305 0.11991760028062778 0.9308422677303088 1545216143.97957
 
0.2795553083199477 0.12160481089212992 0.9366600319036233 1545216143.991494
 
0.280883605570406 0.1234442838625267 0.9453866781635951 1545216144.0041506
 
0.28189712342572787 0.12486518349121652 0.9512044423369097 1545216144.017712
 
0.2831985270781314 0.12672378052336358 0.9599310885968811 1545216144.0294564
 
0.28409575211120774 0.12801311691868236 0.9628399706835388 1545216144.0414982
 
0.2853754423985135 0.12988673031609674 0.9715666169435099 1545216144.0536385
 
0.28625760492496927 0.1311864188854046 0.9744754990301672 1545216144.065827
 
0.2874135790438365 0.13293290526709725 0.9861110273767959 1545216144.0774636
 
0.28827674572813095 0.13424528645234662 0.9890199094634535 1545216144.0898826
 
0.28941743505563855 0.13600179398237283 0.9948376736367679 1545216144.1014037
 
0.2903594776677445 0.1374710556727614 1.0006554378100827 1545216144.1143494
 
0.29139101886363067 0.1390902510101464 1.0035643198967397 1545216144.1271522
 
0.29232020404134296 0.1405676775238474 1.0093820840700543 1545216144.1386788
 
0.2932407782237688 0.14205048478459234 1.0151998482433682 1545216144.1502266
 
0.29415271025289264 0.14353862260486483 1.0210176124166828 1545216144.1618693
 
0.29505596926320343 0.1450320406167287 1.0268353765899974 1545216144.1746202
 
0.29595052468273975 0.14653068827353308 1.0326531407633122 1545216144.186282
 
0.29692973615958884 0.14818205608932283 1.0355620228499693 1545216144.1993346
 
0.29798746818634525 0.1499897324443439 1.0413797870232835 1545216144.2137823
 
0.2987768201176635 0.15134779158473383 1.0442886691099404 1545216144.2259622
 
0.2997270621135631 0.15301599748588868 1.053015315369912 1545216144.2376752
 
0.3005005592330009 0.1543831490160761 1.0559241974565696 1545216144.2492568
 
0.3012700762029439 0.15575254477086803 1.0588330795432273 1545216144.2604642
 
0.3020356065120557 0.15712417316300037 1.061741961629884 1545216144.2743576
 
0.30304565662996125 0.15895891826907027 1.0675597258031984 1545216144.2859886
 
0.3037991882261701 0.16033717486121385 1.070468607889855 1545216144.2981575
 
0.3045487074540839 0.16171761755370778 1.0733774899765127 1545216144.3104382
 
0.30538150659621033 0.1632514427675899 1.073377489976513 1545216144.3237972
 
0.3062053682617185 0.1647900870260113 1.0791952541498275 1545216144.335488
 
0.30694281246807725 0.1661770178616265 1.0821041362364847 1545216144.3471398
 
0.30767621914188753 0.16756608796463887 1.0850130183231417 1545216144.3586025
 
0.3084055820773635 0.16895728558130815 1.0879219004097986 1545216144.3712003
 
0.30920697871999436 0.17050774926003373 1.093739664583113 1545216144.3833048
 
0.309848096034099 0.17174812020301414 1.093739664583113 1545216144.3953226
 
0.3105652908622822 0.17314562965868865 1.0966485466697706 1545216144.4080641
 
0.31127841747167284 0.174545219434034 1.0995574287564274 1545216144.4204738
 
0.3119874698280867 0.17594687768629683 1.102466310843085 1545216144.4323006
 
0.31261773858934344 0.17719279613275252 1.102466310843085 1545216144.4441245
 
0.3133227106930709 0.17859651100167656 1.1053751929297422 1545216144.4557953
 
0.3140235965789277 0.18000227060960358 1.1082840750163994 1545216144.468968
 
0.31480235867432416 0.18156422572952247 1.1082840750163998 1545216144.4816713
 
0.31541808817913897 0.18281739318183501 1.1141018391897137 1545216144.4937506
 
0.3161148819165168 0.1842251856338049 1.111192957103056 1545216144.5058343
 
0.3167342541275193 0.18547655670222254 1.1111929571030568 1545216144.5183883
 
0.31734633571609633 0.186731509934642 1.117010721276371 1545216144.5306556
 
0.31795841730467334 0.18798646316706133 1.117010721276371 1545216144.5433447
 
0.3185704988932504 0.18924141639948083 1.1170107212763714 1545216144.554446
 
0.3192549809480513 0.1906552358423121 1.1199196033630285 1545216144.5659168
 
0.3198634094412077 0.19191196423593992 1.1199196033630285 1545216144.579326
 
0.3204718379343641 0.19316869262956776 1.1199196033630279 1545216144.590471
 
0.3210010119026451 0.19426987393537015 1.1228284854496855 1545216144.6035135
 
0.321605782152109 0.1955283668562872 1.1228284854496848 1545216144.6155264
 
0.3221317506795064 0.19663108280572403 1.1257373675363425 1545216144.6283343
 
0.32280386892577184 0.19805082157159226 1.128646249623 1545216144.6554477
 
0.3240656194201207 0.20073623199122018 1.1315551317096577 1545216144.6672945
 
0.32465938435863784 0.2019999545416334 1.1315551317096566 1545216144.6798854
 
0.32525314929715493 0.2032636770920465 1.1315551317096573 1545216144.6915455
 
0.32576947490740504 0.2043709409364642 1.1344640137963136 1545216144.7043536
 
0.32635956131911953 0.20563638533008455 1.1344640137963142 1545216144.7233672
 
0.3271658652954037 0.2073787241826753 1.1373728958829712 1545216144.735705
 
0.32767574040421615 0.20848897313240164 1.1402817779696284 1545216144.7477796
 
0.3281823837771248 0.20960070054937155 1.1431906600562864 1545216144.7594097
 
0.3286922588859372 0.21071094949909788 1.1402817779696288 1545216144.7705455
 
0.3291292946934907 0.21166259145600608 1.1402817779696295 1545216144.7837572
 
0.32963593806639935 0.21277431887297604 1.143190660056286 1545216144.7950385
 
0.3302149590640092 0.21404486449237028 1.143190660056286 1545216144.8077238
 
0.330718366414006 0.21515806096960333 1.146099542142943 1545216144.8199499
 
0.3312185334814648 0.2162727170876884 1.1490084242296 1545216144.8330865
 
0.33179015298713205 0.21754660979407137 1.1490084242296006 1545216144.84419
 
0.3322188676163825 0.21850202932385862 1.1490084242296 1545216144.8556974
 
0.33257381229689154 0.21929924812898366 1.1519173063162575 1545216144.8674529
 
0.33306748613010373 0.22041679522121582 1.1548261884029152 1545216144.8798654
 
0.3336316847966319 0.22169399189805244 1.1548261884029147 1545216144.8913946
 
0.3339819854655223 0.22249326218452736 1.1577350704895717 1545216144.903632
 
0.334542466535747 0.22377209464288728 1.1577350704895724 1545216144.9162252
 
0.3349628273384155 0.22473121898665724 1.1577350704895724 1545216144.9291058
 
0.335449991228356 0.22585161922821953 1.1606439525762287 1545216144.9402738
 
0.3358675602768765 0.22681196229241585 1.1606439525762293 1545216144.95171
 
0.3362851293253969 0.2277723053566121 1.1606439525762293 1545216144.9637656
 
0.3366307741262925 0.22857360007210736 1.1635528346628863 1545216144.975072
 
0.33704554788736724 0.22953515373070166 1.1635528346628863 1545216144.987736
 
0.33752618534534845 0.23065836920020885 1.1664617167495446 1545216144.9992964
 
0.3379381603093323 0.2316211253169292 1.1664617167495435 1545216145.0117352
 
0.3384155284370843 0.23274573415006253 1.169370598836201 1545216145.0237937
 
0.33875416755010557 0.23355001463633515 1.172279480922858 1545216145.0363853
 
0.3392315356778575 0.23467462346946844 1.169370598836201 1545216145.0480967
 
0.3395701747908788 0.23547890395574111 1.172279480922858 1545216145.05988
 
0.3400409921679914 0.23660627095648384 1.175188363009515 1545216145.0713613
 
0.3403749464623716 0.2374125079431893 1.1780972450961722 1545216145.0843518
 
0.3407756916156278 0.23837999232723572 1.1780972450961726 1545216145.098318
 
0.34123994230668214 0.23951007933840363 1.1810061271828303 1545216145.1113498
 
0.34163787147044306 0.24047872534797618 1.1810061271828303 1545216145.1234198
 
0.3419671296430701 0.24128689154698785 1.1839150092694861 1545216145.1357033
 
0.34236223945022254 0.24225669098580196 1.1839150092694868 1545216145.1472282
 
0.342757349257375 0.24322649042461603 1.1839150092694868 1545216145.1586185
 
0.34302075579547664 0.2438730233838254 1.1839150092694875 1545216145.1702886
 
0.34341021688352635 0.2448451050532993 1.189732773442802 1545216145.1834564
 
0.3437371228062657 0.2456542256049755 1.1868238913561437 1545216145.194659
 
0.34406167371297386 0.24646429366287045 1.1897327734428014 1545216145.2066145
 
0.34445113480102363 0.24743637533234444 1.189732773442801 1545216145.220726
 
0.3448349339881599 0.24841070633112555 1.1955505376161162 1545216145.2349856
 
0.3452187331752961 0.2493850373299066 1.1955505376161162 1545216145.2464771
 
0.34553620263643686 0.25019790674790054 1.1984594197027738 1545216145.2580268
 
0.34579017820534946 0.25084820228229565 1.1984594197027731 1545216145.2696526
 
0.3461100108612963 0.25166014478127985 1.1955505376161155 1545216145.285351
 
0.34655446810689333 0.25279816196647137 1.1984594197027731 1545216145.2993665
 
0.3468695716869319 0.253611951425308 1.2013683017894308 1545216145.3116815
 
0.3471823067195912 0.2544266540390354 1.2042771838760873 1545216145.3253143
 
0.3475575887587824 0.2554042971755084 1.2042771838760873 1545216145.3386626
 
0.34786795259782716 0.25621990605044787 1.207186065962745 1545216145.350617
 
0.348116243669063 0.2568723931503996 1.2071860659627454 1545216145.363024
 
0.3483645347402988 0.2575248802503512 1.207186065962745 1545216145.3741636
 
0.34867252475955784 0.25834138848515575 1.2100949480494019 1545216145.3865287
 
0.34897813835294605 0.2591587891708681 1.2130038301360595 1545216145.3991752
 
0.3492226292276567 0.25981270971943804 1.2130038301360588 1545216145.4130414
 
0.34952586380919753 0.26063099593954964 1.2159127122227165 1545216145.425324
 
0.3497684514744302 0.26128562491563895 1.215912712222716 1545216145.4377904
 
0.3500693044782773 0.26210478974614804 1.2188215943093736 1545216145.4507177
 
0.35037253905981813 0.26292307596625963 1.2159127122227165 1545216145.4642344
 
0.35067339206366516 0.26374224079676867 1.2188215943093736 1545216145.476379
 
0.3509140744667428 0.2643975726611759 1.2188215943093736 1545216145.4894664
 
0.3512125433472016 0.2652176091706464 1.2217304763960306 1545216145.5006373
 
0.35145131845156863 0.26587363837822275 1.2217304763960317 1545216145.5146625
 
0.35169009355593567 0.26652966758579905 1.2217304763960313 1545216145.5273426
 
0.3519861757874852 0.26735056883541897 1.2246393584826882 1545216145.540627
 
0.35234147446534464 0.2683356503349628 1.2246393584826882 1545216145.5533319
 
0.35257834025058427 0.2689923713346587 1.2246393584826876 1545216145.56501
 
0.3528152060358239 0.2696490923343545 1.2246393584826876 1545216145.5776923
 
0.3530520718210635 0.2703058133340504 1.2246393584826882 1545216145.5916224
 
0.35328893760630314 0.27096253433374634 1.2246393584826876 1545216145.6045375
 
0.3535826306836172 0.2717842933773866 1.2275482405693452 1545216145.6162264
 
0.35381758514546846 0.2724417006122987 1.2275482405693448 1545216145.6282663
 
0.3540525396073197 0.27309910784721086 1.2275482405693452 1545216145.6404603
 
0.354287494069171 0.2737565150821232 1.2275482405693452 1545216145.653135
 
0.3545224485310222 0.2744139223170353 1.2275482405693459 1545216145.6643326
 
0.35475740299287345 0.27507132955194746 1.2275482405693452 1545216145.675881
 
0.3549923574547247 0.2757287367868596 1.2275482405693452 1545216145.6876745
 
0.35522731191657597 0.27638614402177186 1.2275482405693459 1545216145.7000766
 
0.3554622663784272 0.277043551256684 1.2275482405693459 1545216145.7137086
 
0.35569722084027844 0.27770095849159615 1.2275482405693452 1545216145.730356
 
0.35604965253305537 0.27868706934396453 1.2275482405693452 1545216145.7437053
 
0.35628460699490666 0.27934447657887673 1.2275482405693448 1545216145.7553465
 
0.3564622563338364 0.2798370173286487 1.2246393584826876 1545216145.767306
 
0.356699122119076 0.2804937383283445 1.2246393584826876 1545216145.7800326
 
0.3569928151963901 0.28131549737198475 1.2275482405693448 1545216145.7932782
 
0.3571704645353198 0.2818080381217567 1.2246393584826876 1545216145.8054767
 
0.35740733032055944 0.2824647591214525 1.2246393584826876 1545216145.8170755
 
0.3576441961057991 0.2831214801211485 1.2246393584826876 1545216145.8294477
 
0.35788106189103874 0.28377820112084434 1.2246393584826882 1545216145.8444808
 
0.35811792767627837 0.2844349221205402 1.2246393584826882 1545216145.8560095
 
0.358354793461518 0.28509164312023605 1.2246393584826882 1545216145.8677
 
0.3585916592467576 0.28574836411993193 1.2246393584826876 1545216145.8793254
 
0.35871009213937743 0.28607672461977984 1.2246393584826882 1545216145.8906841
 
0.35894695792461706 0.2867334456194758 1.2246393584826876 1545216145.9046822
 
0.3591838237098567 0.2873901666191716 1.224639358482689 1545216145.9170966
 
0.3594206894950963 0.28804688761886743 1.2246393584826882 1545216145.9336753
 
0.3597191583755551 0.2888669241283379 1.2217304763960306 1545216145.9500606
 
0.35995793347992217 0.2895229533359142 1.22173047639603 1545216145.9658988
 
0.36025878648376924 0.29034211816642336 1.2188215943093736 1545216145.9815927
 
0.36055725536422806 0.29116215467589385 1.2217304763960306 1545216145.9993236
 
0.3607960304685951 0.29181818388347014 1.2217304763960306 1545216146.014354
 
0.36103480557296214 0.29247421309104643 1.2217304763960306 1545216146.0258567
 
0.3612735806773292 0.2931302422986227 1.2217304763960313 1545216146.03814
 
0.3613929682295127 0.29345825690241095 1.2217304763960313 1545216146.0505147
 
0.36163174333387976 0.29411428610998724 1.2217304763960306 1545216146.0626986
 
0.36181225513618803 0.29460578500829276 1.2188215943093736 1545216146.0743582
 
0.3619913364644633 0.29509780691397497 1.2217304763960306 1545216146.0858505
 
0.3621718482667715 0.2955893058122804 1.218821594309374 1545216146.0984607
 
0.36241253066984913 0.2962446376766876 1.2188215943093736 1545216146.111231
 
0.36265321307292675 0.2968999695410949 1.2188215943093748 1545216146.1233582
 
0.3627735542744656 0.2972276354732986 1.2188215943093736 1545216146.135535
 
0.36295549502339014 0.2977186072053655 1.2159127122227165 1545216146.147158
 
0.3631360068256984 0.29821010610367105 1.2188215943093736 1545216146.1603093
 
0.36337668922877603 0.2988654379680783 1.218821594309373 1545216146.1717238
 
0.36355862997770055 0.2993564097001452 1.2159127122227165 1545216146.1838217
 
0.36367992381031694 0.29968372418818995 1.2159127122227165 1545216146.1955464
 
0.3639225114755496 0.3003383531642792 1.2159127122227165 1545216146.2092683
 
0.36404380530816594 0.30066566765232383 1.2159127122227165 1545216146.2204747
 
0.3642863929733986 0.3013202966284131 1.2159127122227165 1545216146.233164
 
0.36440768680601493 0.3016476111164577 1.2159127122227154 1545216146.2447178
 
0.36465027447124765 0.302302240092547 1.2159127122227165 1545216146.2577145
 
0.364771568303864 0.30262955458059165 1.2159127122227165 1545216146.2693152
 
0.3649549364598969 0.3031199949920191 1.2130038301360588 1545216146.2810826
 
0.36513687720882143 0.3036109667240861 1.2159127122227165 1545216146.293331
 
0.36532024536485436 0.30410140713551354 1.2130038301360588 1545216146.3065448
 
0.36544249080220964 0.30442836740979845 1.2130038301360595 1545216146.3181822
 
0.36568698167692026 0.30508228795836845 1.2130038301360588 1545216146.3297894
 
0.3658717756884757 0.30557219289925114 1.2100949480494019 1545216146.3416886
 
0.3659949716961793 0.30589879619317295 1.2100949480494025 1545216146.355811
 
0.3661783398522122 0.3063892366046004 1.2130038301360588 1545216146.367824
 
0.3663631338637676 0.3068791415454832 1.2100949480494025 1545216146.379446
 
0.36648632987147123 0.307205744839405 1.2100949480494025 1545216146.3906338
 
0.3666696980275042 0.30769618525083253 1.2130038301360595 1545216146.404698
 
0.3668544920390596 0.3081860901917152 1.2100949480494025 1545216146.416334
 
0.3670407103424865 0.3086754555166789 1.2071860659627442 1545216146.4302676
 
0.3672255043540419 0.3091653604575616 1.2100949480494012 1545216146.443188
 
0.3673487003617455 0.3094919637514834 1.2100949480494019 1545216146.4553294
 
0.3675349186651724 0.3099813290764472 1.207186065962745 1545216146.4670475
 
0.3676590642007903 0.310307572626423 1.2071860659627442 1545216146.4784427
 
0.3677832097364082 0.3106338161763988 1.207186065962745 1545216146.4903073
 
0.368031500807644 0.3112863032763504 1.2071860659627442 1545216146.5056295
 
0.3681556463432619 0.31161254682632616 1.207186065962745 1545216146.517221
 
0.3682797918788798 0.31193879037630196 1.2071860659627454 1545216146.5286484
 
0.36846743289847544 0.3124276119445385 1.2042771838760866 1545216146.5401294
 
0.36859252691153915 0.31275349299002947 1.2042771838760877 1545216146.5533013
 
0.36877874521496606 0.31324285831499327 1.2071860659627442 1545216146.5655591
 
0.3689663862345616 0.3137316798832296 1.2042771838760877 1545216146.5771658
 
0.3690914802476254 0.31405756092872067 1.2042771838760873 1545216146.5885906
 
0.36921657426068905 0.31438344197421153 1.2042771838760877 1545216146.600074
 
0.3693416682737528 0.3147093230197026 1.2042771838760877 1545216146.6139185
 
0.3695278865771797 0.3151986883446664 1.2071860659627442 1545216146.625651
 
0.3696539280091951 0.315524204128201 1.20136830178943 1545216146.6372213
 
0.36984156902879073 0.3160130256964375 1.2042771838760873 1545216146.6505837
 
0.36996666304185444 0.3163389067419285 1.2042771838760884 1545216146.66534
 
0.3701557251898776 0.31682718041723057 1.20136830178943 1545216146.6772242
 
0.37021827219640946 0.31699012093997603 1.2042771838760877 1545216146.6886754
 
0.37040733434443257 0.317478394615278 1.2013683017894308 1545216146.7005243
 
0.3705949753640282 0.31796721618351453 1.2042771838760877 1545216146.71533
 
0.3707200693770919 0.3182930972290055 1.2042771838760877 1545216146.7354815
 
0.3709702574032193 0.31894485931998745 1.2042771838760877 1545216146.7475104
 
0.3710953514162831 0.31927074036547853 1.2042771838760877 1545216146.7605805
 
0.37122044542934673 0.3195966214109694 1.2042771838760873 1545216146.7729697
 
0.3713455394424105 0.3199225024564605 1.2042771838760877 1545216146.7864413
 
0.37147063345547415 0.32024838350195134 1.2042771838760866 1545216146.7980392
 
0.3715957274685379 0.3205742645474424 1.2042771838760877 1545216146.811596
 
0.3717208214816017 0.3209001455929335 1.2042771838760877 1545216146.823683
 
0.37190988362962474 0.32138841926823536 1.20136830178943 1545216146.8347182
 
0.37197243063615665 0.32155135979098093 1.2042771838760877 1545216146.8489275
 
0.3721614927841798 0.322039633466283 1.20136830178943 1545216146.8617396
 
0.3723491338037754 0.3225284550345193 1.2042771838760877 1545216146.87384
 
0.37247422781683914 0.3228543360800104 1.2042771838760877 1545216146.8855877
 
0.37253630058464804 0.3230174578549982 1.2071860659627442 1545216146.8981538
 
0.37272394160424366 0.32350627942323473 1.2042771838760877 1545216146.9135265
 
0.3727860143720526 0.32366940119822263 1.207186065962745 1545216146.9245908
 
0.3729736553916482 0.32415822276645906 1.2042771838760877 1545216146.936282
 
0.3730357281594571 0.32432134454144695 1.2071860659627454 1545216146.9483554
 
0.37315987369507503 0.32464758809142275 1.207186065962745 1545216146.9618773
 
0.37328401923069293 0.32497383164139854 1.2071860659627442 1545216146.9745374
 
0.3734081647663109 0.32530007519137444 1.2071860659627454 1545216146.9860141
 
0.3735323103019288 0.32562631874135023 1.207186065962745 1545216146.9977174
 
0.3736564558375467 0.325952562291326 1.207186065962745 1545216147.0118442
 
0.3737806013731646 0.3262788058413018 1.2071860659627454 1545216147.0250068
 
0.3739047469087825 0.3266050493912776 1.207186065962745 1545216147.0366495
 
0.37402889244440046 0.3269312929412535 1.207186065962745 1545216147.0482545
 
0.37415303798001837 0.3272575364912293 1.2071860659627442 1545216147.060246
 
0.37427718351563627 0.3275837800412051 1.207186065962745 1545216147.0737314
 
0.3743387815194881 0.32774708168816596 1.2100949480494025 1545216147.0850074
 
0.374524999822915 0.32823644701312976 1.2071860659627442 1545216147.0966353
 
0.3745865978267668 0.32839974866009064 1.2100949480494019 1545216147.1094031
 
0.3747097938344704 0.32872635195401245 1.2100949480494025 1545216147.1231034
 
0.374832989842174 0.32905295524793426 1.2100949480494019 1545216147.1342304
 
0.3749561858498776 0.3293795585418562 1.2100949480494019 1545216147.1458807
 
0.3750793818575812 0.329706161835778 1.2100949480494025 1545216147.1582258
 
0.3751405045762588 0.32986964197292035 1.2130038301360588 1545216147.1706421
 
0.37526465011187676 0.33019588552289625 1.2071860659627442 1545216147.183227
 
0.375386895549232 0.3305228457971811 1.2130038301360584 1545216147.1943939
 
0.37544849355308385 0.3306861474441421 1.2100949480494012 1545216147.2073045
 
0.37557168956078746 0.3310127507380639 1.2100949480494019 1545216147.2198873
 
0.37569488556849107 0.33133935403198583 1.2100949480494019 1545216147.23141
 
0.3758180815761946 0.33166595732590753 1.2100949480494019 1545216147.2435424
 
0.3758792042948723 0.3318294374630501 1.2130038301360595 1545216147.2545729
 
0.3760014497322276 0.332156397737335 1.2130038301360595 1545216147.2682123
 
0.3761236951695829 0.33248335801161993 1.2130038301360584 1545216147.2798288
 
0.3761852931734347 0.3326466596585808 1.2100949480494019 1545216147.291386
 
0.37624641589211233 0.33281013979572327 1.2130038301360595 1545216147.3040748
 
0.37636866132946767 0.3331371000700083 1.2130038301360595 1545216147.3164992
 
0.3764909067668229 0.33346406034429316 1.2130038301360584 1545216147.3283417
 
0.37661315220417824 0.3337910206185782 1.2130038301360595 1545216147.3399234
 
0.37667379912048643 0.33395467786260047 1.2159127122227165 1545216147.3538342
 
0.37679509295310276 0.3342819923506451 1.2159127122227165 1545216147.3657997
 
0.37685621567178046 0.33444547248778767 1.2130038301360588 1545216147.3782809
 
0.3769168625880886 0.3346091297318099 1.215912712222716 1545216147.38998
 
0.37703815642070493 0.3349364442198545 1.2159127122227165 1545216147.4018118
 
0.3771594502533213 0.33526375870789926 1.2159127122227165 1545216147.4145544
 
0.3772196208540907 0.33542759167400105 1.2188215943093736 1545216147.4271755
 
0.3772802677703989 0.33559124891802333 1.2159127122227171 1545216147.4400697
 
0.37740156160301525 0.33591856340606796 1.2159127122227165 1545216147.4538496
 
0.37746173220378465 0.33608239637216974 1.218821594309374 1545216147.465857
 
0.37758207340532346 0.33641006230437337 1.2188215943093736 1545216147.4791315
 
0.37770241460686227 0.336737728236577 1.218821594309374 1545216147.4902909
 
0.37770241460686227 0.336737728236577 1.218821594309374 1545216147.5023005
 
0.37782275580840113 0.33706539416878073 1.218821594309374 1545216147.5147214
 
0.37794309700993994 0.33739306010098435 1.218821594309373 1545216147.527836
 
0.37794309700993994 0.33739306010098435 1.218821594309373 1545216147.5395613
 
0.37806343821147875 0.337720726033188 1.2188215943093736 1545216147.5506744
 
0.37818377941301756 0.3380483919653916 1.218821594309374 1545216147.563155
 
0.37818377941301756 0.3380483919653916 1.218821594309374 1545216147.5770571
 
0.37830412061455637 0.33837605789759523 1.218821594309373 1545216147.588471
 
0.37842446181609524 0.33870372382979896 1.2188215943093736 1545216147.6000857
 
0.378484155592187 0.33886773113169305 1.2217304763960313 1545216147.613322
 
0.3785443261929564 0.33903156409779484 1.218821594309374 1545216147.6256597
 
0.3786646673944952 0.33935923002999846 1.2188215943093736 1545216147.638365
 
0.378724361170587 0.33952323733189255 1.2217304763960313 1545216147.6499064
 
0.37884374872277055 0.3398512519356808 1.2217304763960313 1545216147.661547
 
0.37884374872277055 0.3398512519356808 1.2217304763960313 1545216147.6752052
 
0.37896313627495404 0.34017926653946884 1.2217304763960306 1545216147.6875033
 
0.379022352721264 0.3403434467893929 1.2246393584826882 1545216147.7003007
 
0.3790820464973558 0.34050745409128697 1.2217304763960313 1545216147.7141593
 
0.37920143404953927 0.34083546869507503 1.22173047639603 1545216147.7441533
 
0.3794975162810888 0.34165636994469495 1.2246393584826876 1545216147.7850537
 
0.3796159491737086 0.34198473044454286 1.2246393584826876 1545216147.8082008
 
0.3797343820663284 0.3423130909443909 1.2246393584826876 1545216147.8356166
 
0.3799134633946037 0.3428051128500731 1.22173047639603 1545216147.8597517
 
0.3799726798409136 0.3429692930999971 1.2246393584826876 1545216147.8767178
 
0.3800911127335334 0.3432976535998451 1.224639358482689 1545216147.888276
 
0.3802095456261532 0.343626014099693 1.2246393584826882 1545216147.8997698
 
0.3802095456261532 0.343626014099693 1.2246393584826882 1545216147.9226944
 
0.38032797851877304 0.3439543745995409 1.2246393584826876 1545216147.94004
 
0.38044641141139285 0.34428273509938884 1.2246393584826882 1545216147.951833
 
0.38050515002685564 0.3444470869081169 1.2275482405693459 1545216147.96433
 
0.38056436647316555 0.34461126715804086 1.2246393584826882 1545216147.97755
 
0.38062310508862834 0.3447756189667689 1.2275482405693452 1545216147.9898927
 
0.38068232153493825 0.3449397992166929 1.2246393584826876 1545216148.0052834
 
0.3807410601504011 0.345104151025421 1.2275482405693448 1545216148.0215247
 
0.38085853738132674 0.3454328546428771 1.2275482405693459 1545216148.0372899
 
0.38091775382763665 0.3455970348928011 1.2246393584826882 1545216148.0533247
 
0.38097649244309945 0.3457613867015291 1.2275482405693452 1545216148.0683339
 
0.3810939696740251 0.3460900903189852 1.2275482405693448 1545216148.0859716
 
0.3810939696740251 0.3460900903189852 1.2275482405693448 1545216148.099618
 
0.38121144690495073 0.34641879393644126 1.2275482405693459 1545216148.1130283
 
0.38126970719254444 0.34658331591329594 1.2304571226560028 1545216148.125218
 
0.38126970719254444 0.34658331591329594 1.2304571226560028 1545216148.1366718
 
0.38132844580800723 0.346747667722024 1.2275482405693452 1545216148.1482565
 
0.381386706095601 0.34691218969887877 1.2304571226560024 1545216148.1598406
 
0.3815032266707884 0.3472412336525881 1.2304571226560028 1545216148.173306
 
0.3815032266707884 0.3472412336525881 1.2304571226560028 1545216148.1853447
 
0.3815032266707884 0.3472412336525881 1.2304571226560028 1545216148.1978753
 
0.3816197472459758 0.3475702776062974 1.2304571226560024 1545216148.210591
 
0.3816197472459758 0.3475702776062974 1.2304571226560024 1545216148.223649
 
0.3817362678211632 0.3478993215600067 1.2304571226560024 1545216148.235315
 
0.3817362678211632 0.3478993215600067 1.2304571226560024 1545216148.2469869
 
0.3817362678211632 0.3478993215600067 1.2304571226560024 1545216148.258386
 
0.3818527883963506 0.348228365513716 1.2304571226560024 1545216148.269991
 
0.3818527883963506 0.348228365513716 1.2304571226560024 1545216148.2832916
 
0.381969308971538 0.3485574094674253 1.2304571226560028 1545216148.2955184
 
0.381969308971538 0.3485574094674253 1.2304571226560028 1545216148.3082757
 
0.38202709043828803 0.3487221002202893 1.2333660047426593 1545216148.320315
 
0.38202709043828803 0.3487221002202893 1.2333660047426593 1545216148.33359
 
0.382142653371788 0.3490514817260172 1.2333660047426593 1545216148.3455358
 
0.382142653371788 0.3490514817260172 1.2333660047426593 1545216148.3572652
 
0.382142653371788 0.3490514817260172 1.2333660047426593 1545216148.3698666
 
0.38225821630528795 0.34938086323174505 1.23336600474266 1545216148.382923
 
0.38225821630528795 0.34938086323174505 1.23336600474266 1545216148.3953056
 
0.38231551846227124 0.3495457213670729 1.2362748868293176 1545216148.4083712
 
0.3823732999290212 0.34971041211993675 1.2333660047426604 1545216148.4199758
 
0.3823732999290212 0.34971041211993675 1.2333660047426604 1545216148.433149
 
0.3824888628625212 0.35003979362566473 1.2333660047426593 1545216148.4443576
 
0.3824888628625212 0.35003979362566473 1.2333660047426593 1545216148.45702
 
0.38254616501950445 0.35020465176099247 1.236274886829317 1545216148.4705334
 
0.38277537364743736 0.35086408430230337 1.236274886829317 1545216148.4840574
 
0.3830594854591833 0.35168920491645206 1.239183768915974 1545216148.49714
 
0.3833946534675186 0.352681316360505 1.2450015330892892 1545216148.5096545
 
0.38389307445627463 0.3541709396747156 1.2479104151759457 1545216148.5212543
 
0.384378477215956 0.3556648557570864 1.2566370614359175 1545216148.534375
 
0.384917813615602 0.3573247625152762 1.2566370614359175 1545216148.5459204
 
0.38549512730653307 0.35915576761676626 1.265363707695889 1545216148.5577214
 
0.3859543837063703 0.3606579276147295 1.2740903539558597 1545216148.5693836
 
0.38646466859507833 0.36232699427913306 1.2740903539558608 1545216148.582937
 
0.38710907897094343 0.36450248724898443 1.282817000215832 1545216148.5951524
 
0.38769222638948503 0.3665140612429447 1.2886347643891471 1545216148.6078444
 
0.38835890026770187 0.36886481588091147 1.2944525285624613 1545216148.619621
 
0.3889303350204592 0.3708797484277403 1.2944525285624613 1545216148.6329226
 
0.3895696121151438 0.373238100866209 1.3060880569090905 1545216148.644216
 
0.39010579441386944 0.3752626994406087 1.311905821082404 1545216148.6559386
 
0.3907175881771364 0.3776283303964104 1.317723585255718 1545216148.6677284
 
0.39123017743805766 0.37965903054525485 1.3235413494290333 1545216148.6803606
 
0.39186352747968967 0.38219925881648664 1.3264502315156899 1545216148.692256
 
0.39235837624584713 0.3842343547708734 1.3322679956890051 1545216148.7050223
 
0.3930342262437347 0.3871234152084883 1.3409946419489773 1545216148.7345042
 
0.3942644668556359 0.3927500789670224 1.355539052382263 1545216148.747701
 
0.39477249095377803 0.39514014443548257 1.3613568165555772 1545216148.7596762
 
0.39525068142870995 0.3973581093279189 1.3584479344689202 1545216148.771417
 
0.3957378291916972 0.3997525170803361 1.3700834628155476 1545216148.785677
 
0.39627864004639257 0.4024921757389985 1.3759012269888624 1545216148.7982
 
0.39673789526273895 0.4048920895028822 1.3817189911621777 1545216148.810982
 
0.39724679285216935 0.4076378551866235 1.387536755335493 1545216148.8235273
 
0.39769207824292097 0.4100404001598971 1.3875367553354916 1545216148.8366027
 
0.3981849930930933 0.4127890800061177 1.3933545195088064 1545216148.8501241
 
0.3987002176079572 0.41571106343028685 1.396263401595464 1545216148.8618374
 
0.39911051353353655 0.4181198304761576 1.402081165768778 1545216148.8742862
 
0.39954260715525697 0.4207019201429332 1.4049900478554345 1545216148.8873847
 
0.3999105771904479 0.4229408110396936 1.4078989299420928 1545216148.899934
 
0.4004020305565866 0.4260437254745436 1.413716694115408 1545216148.9134054
 
0.40077022521061184 0.4284592863047788 1.419534458288722 1545216148.924721
 
0.4011571893440587 0.43104852378029684 1.4224433403753785 1545216148.937778
 
0.40152154367035325 0.4336410395218328 1.4311699866353502 1545216148.9498858
 
0.4018934377671042 0.4362324844326889 1.4282611045486926 1545216148.961651
 
0.4022264618084043 0.43865314475907424 1.4340788687220072 1545216148.9742892
 
0.4026070607127474 0.4414196137035147 1.4340788687220072 1545216148.9873836
 
0.4029259963667537 0.4438421705091278 1.4398966328953224 1545216148.9994059
 
0.40329049425704666 0.4466108068584002 1.4398966328953224 1545216149.0132985
 
0.40365208787798945 0.44955575057350394 1.4486232791552935 1545216149.0246708
 
0.40396358106255686 0.45215514741530555 1.4515321612419512 1545216149.0377753
 
0.4042797040712111 0.4549297234531787 1.4573499254152653 1545216149.049677
 
0.4045836346096692 0.4575300153931334 1.4544410433286077 1545216149.0614736
 
0.4048497146221409 0.4601344526398653 1.468985453761894 1545216149.0739186
 
0.40513353330211077 0.46291251903637914 1.468985453761894 1545216149.0865467
 
0.4054173519820806 0.465690585432893 1.4689854537618952 1545216149.0986168
 
0.4056515473358548 0.4681227971761609 1.4748032179352093 1545216149.1118145
 
0.40592733512497786 0.47107701188183254 1.4777121000218663 1545216149.124187
 
0.40619452829718106 0.47403201632185676 1.4806209821085228 1545216149.1371865
 
0.406400408367686 0.47646678834904715 1.486438746281838 1545216149.1492767
 
0.4066356998768345 0.4792493849515505 1.486438746281838 1545216149.1607099
 
0.40683859920754284 0.48203453087378456 1.498074274628466 1545216149.1734684
 
0.4070100368066186 0.4842969728164694 1.4951653925418096 1545216149.1850405
 
0.4072535328349018 0.4877791282517821 1.5009831567151244 1545216149.2006378
 
0.4074321197650668 0.49056593873240584 1.5068009208884383 1545216149.2146082
 
0.40761325442819774 0.49352746429630834 1.5097098029750948 1545216149.2269964
 
0.4077654772343222 0.49614102894301143 1.5126186850617518 1545216149.2398136
 
0.40792937947195373 0.4991035581814049 1.5155275671484094 1545216149.2517097
 
0.4080663946849966 0.5017179641897738 1.518436449235066 1545216149.264124
 
0.4081805899740808 0.5043334663176934 1.5271630954950388 1545216149.2758477
 
0.40828717660347025 0.5069492895601232 1.5300719775816958 1545216149.2877154
 
0.4084008690081523 0.509739501018715 1.5300719775816958 1545216149.3002827
 
0.408486144565617 0.5121814734811146 1.5358897417550106 1545216149.3143337
 
0.40858106746166695 0.5151470144226028 1.5387986238416669 1545216149.3262408
 
0.40865721107727954 0.5177639007584994 1.5417075059283234 1545216149.3381553
 
0.40872574216769403 0.5203809975153746 1.544616388014981 1545216149.3518276
 
0.40879478255107315 0.5233472538861724 1.5475252701016387 1545216149.3643785
 
0.4088374268247349 0.5257903426880263 1.553343034274954 1545216149.3764393
 
0.40887550265974887 0.5284080596658502 1.5562519163616115 1545216149.388226
 
0.40890596371438576 0.53102587632661 1.559160798448268 1545216149.401032
 
0.40892220988512834 0.5338183558714726 1.5649785626215833 1545216149.414718
 
0.4089384560558709 0.5366108354163351 1.564978562621582 1545216149.4271228
 
0.4089460714806258 0.5392288182181325 1.5678874447082385 1545216149.4391427
 
0.4089541946003643 0.5420213332067163 1.5678874447082385 1545216149.451776
 
0.4089460714806258 0.5448138481953002 1.5737052088815549 1545216149.4641423
 
0.40893084069555463 0.547431797768609 1.5766140909682114 1545216149.4759052
 
0.40890241037789354 0.5498750933186515 1.5824318551415255 1545216149.4881313
 
0.4088597661042318 0.5523181821205051 1.5882496193148394 1545216149.5005248
 
0.40880493775238097 0.5554592962943171 1.5882496193148408 1545216149.5143602
 
0.40875620143962466 0.55825139778215 1.5882496193148394 1545216149.5263534
 
0.4087028970748331 0.5608688489449981 1.591158501401496 1545216149.5381749
 
0.40863893472377955 0.5633114725847486 1.5969762655748112 1545216149.551017
 
0.408538428127962 0.5664514571110301 1.6027940297481265 1545216149.5635507
 
0.40847446577690844 0.5688940807507802 1.5969762655748112 1545216149.5751166
 
0.40839832216129585 0.5715109670866768 1.5998851476614688 1545216149.5870862
 
0.4083145666647812 0.5741276208585782 1.6027940297481265 1545216149.599998
 
0.40819579418341834 0.5772669675260806 1.6086117939214406 1545216149.6136065
 
0.4080922452922113 0.5802322198018518 1.605702911834783 1545216149.6258879
 
0.40796232211087224 0.5830217226094306 1.6173384401814122 1545216149.6378386
 
0.4078329124655925 0.5856365161173218 1.6202473222680687 1545216149.6504333
 
0.4076948690854198 0.5886003628503745 1.6173384401814122 1545216149.6631298
 
0.4075654594401401 0.5912151563582655 1.6202473222680698 1545216149.674641
 
0.4074274224851751 0.5940042694333493 1.6202473222680687 1545216149.686593
 
0.4072904072721322 0.5966186754417183 1.6231562043547263 1545216149.6994724
 
0.4071437430074819 0.5995821080839948 1.6202473222680687 1545216149.7135932
 
0.40697122382720746 0.6025441480169252 1.6289739685280415 1545216149.7336946
 
0.4066586966994187 0.6074210663580166 1.6347917327013557 1545216149.749896
 
0.40641366257496014 0.6110780578114445 1.6377006147880133 1545216149.7616343
 
0.4062361256605903 0.6135150604933995 1.6435183789613261 1545216149.7739148
 
0.4060291540365496 0.6164748926134154 1.6406094968746696 1545216149.787933
 
0.4057963612132896 0.6194328058868692 1.6493361431346414 1545216149.8004756
 
0.405572173583729 0.6223913838119183 1.6464272610479849 1545216149.8145936
 
0.405339380760469 0.6253492970853721 1.6493361431346425 1545216149.8273244
 
0.4051040892513205 0.6281318936878753 1.6551539073079555 1545216149.8402598
 
0.40483938630352845 0.6312623148656914 1.6551539073079566 1545216149.8541093
 
0.40458791037674896 0.6340434955151263 1.6609716714812695 1545216149.8658772
 
0.4043364344499695 0.636824676164561 1.6609716714812708 1545216149.878358
 
0.40408495852319 0.6396058568139956 1.6609716714812695 1545216149.8901281
 
0.40384161635631666 0.642212516848412 1.663880553567927 1545216149.9037797
 
0.40359069276298726 0.644818458001913 1.666789435654585 1545216149.9160237
 
0.4032895844509919 0.6479455873861147 1.666789435654585 1545216149.92846
 
0.4030310815544187 0.650550787608298 1.6696983177412412 1545216149.9402256
 
0.40276500154194694 0.6531552248550297 1.6726071998279002 1545216149.9536278
 
0.40249134666503633 0.6557588770886326 1.6755160819145554 1545216149.9658563
 
0.40217262224913614 0.6587087683033293 1.678424964001214 1545216149.9780216
 
0.4018960146165637 0.6611365223364681 1.6842427281745271 1545216149.9897788
 
0.40160721702151664 0.6637385384575358 1.6813338460878706 1545216150.0035114
 
0.40127133632482154 0.6666865254977757 1.6842427281745282 1545216150.0157723
 
0.40090974270387875 0.6696314692128796 1.6929693744345 1545216150.028457
 
0.40059824951931133 0.6722308660546813 1.6900604923478424 1545216150.0402153
 
0.4002791963243618 0.6748293458033024 1.6929693744345 1545216150.053645
 
0.39993887291641567 0.6776010575351648 1.6929693744344987 1545216150.0653079
 
0.39961226241078107 0.6801985982033373 1.6958782565211563 1545216150.0780134
 
0.3991889866773918 0.6834875990406469 1.698787138607814 1545216150.0942116
 
0.3987561454326689 0.6867753547054076 1.7016960206944716 1545216150.1116626
 
0.3981852470761543 0.6909250581220682 1.7075137848677868 1545216150.1283994
 
0.3977094984457255 0.6943831443026185 1.7075137848677857 1545216150.145688
 
0.3971508218120739 0.6983583351063068 1.7104226669544433 1545216150.163541
 
0.3966301700766226 0.7019863579815057 1.7133315490410999 1545216150.1775458
 
0.3961142178986935 0.7054386746155297 1.7191493132144138 1545216150.1895633
 
0.3957347871783012 0.7080290267679645 1.7162404311277575 1545216150.2012858
 
0.3952962278270615 0.7109634959068847 1.719149313214415 1545216150.2156754
 
0.39481380253964793 0.7140678267918185 1.724967077387729 1545216150.2274482
 
0.394419308267478 0.7166559276813561 1.7220581953010727 1545216150.239966
 
0.39396368438492074 0.7195877957393492 1.724967077387728 1545216150.2516801
 
0.3935348619072198 0.7223472009704013 1.724967077387729 1545216150.265017
 
0.39307071150586664 0.7252777312699819 1.7278759594743855 1545216150.2772236
 
0.39265364710054385 0.7278622910442981 1.7307848415610432 1545216150.2892885
 
0.39222906629070814 0.7304456266944062 1.7336937236477008 1545216150.3006935
 
0.3917393601860916 0.7333719949834187 1.7366026057343595 1545216150.3153071
 
0.39122084784002714 0.7364705025835492 1.7366026057343584 1545216150.3274117
 
0.39078124506262074 0.7390513244184107 1.739511487821016 1545216150.3398771
 
0.39025372172973305 0.7421483106202444 1.739511487821015 1545216150.3541772
 
0.38968738465948416 0.745415718029363 1.7424203699076712 1545216150.367169
 
0.38921046923190616 0.7481672190054627 1.7424203699076726 1545216150.3791933
 
0.3887558593658498 0.7507454396738471 1.7453292519943289 1545216150.3909802
 
0.38823213733754164 0.7536659120104566 1.7482381340809878 1545216150.4040651
 
0.38771691282267773 0.7565878954346256 1.7453292519943302 1545216150.4174035
 
0.38725480515064115 0.7591647827904574 1.7482381340809878 1545216150.4293509
 
0.3867618903004688 0.7619134626366778 1.7482381340809865 1545216150.4417086
 
0.3862127026083733 0.7648292534917783 1.7569647803409583 1545216150.454205
 
0.3857117942693317 0.7675764878797434 1.751147016167643 1545216150.4671955
 
0.3852347027792407 0.7701506432082511 1.7540558982543006 1545216150.4792693
 
0.3847258051898103 0.7728964088919924 1.7540558982543006 1545216150.4909837
 
0.384159663503814 0.775808955376293 1.7627825445142724 1545216150.5036972
 
0.3837332122314923 0.7780374467284707 1.7598736624276148 1545216150.5171964
 
0.38312480001995997 0.7811195627194661 1.7656914266009311 1545216150.5293832
 
0.3825839891652646 0.7838592213781282 1.76569142660093 1545216150.5416777
 
0.38202724886470774 0.7865956873808909 1.771509190774244 1545216150.5539935
 
0.38137557510917897 0.7898471501548828 1.7686003086875863 1545216150.5695841
 
0.38080096357606513 0.7927580374797115 1.76569142660093 1545216150.5813892
 
0.38027155920967753 0.7953219452319622 1.7744180728609016 1545216150.5937865
 
0.37977744846771583 0.7977149258007292 1.7744180728609016 1545216150.6057694
 
0.3791421632280507 0.80079161510343 1.7744180728609016 1545216150.619608
 
0.37857746523723734 0.8035264500391638 1.7744180728609016 1545216150.6315737
 
0.37795213923155707 0.8064268656677345 1.7831447191208745 1545216150.644425
 
0.3773352528266702 0.8093290880222932 1.7802358370342157 1545216150.6564922
 
0.3767834945863641 0.8118882782827966 1.7831447191208734 1545216150.669441
 
0.376194952463371 0.8146180812273336 1.7831447191208722 1545216150.6812532
 
0.37559053904017653 0.8173444139950643 1.7889624832941897 1545216150.6938574
 
0.37493992626505174 0.8202392622551085 1.7918713653808451 1545216150.7064207
 
0.3742977370029077 0.8231359908208221 1.7889624832941875 1545216150.724721
 
0.3734174961895036 0.82705255023147 1.7918713653808438 1545216150.7373297
 
0.37280515475409204 0.8297771132997468 1.7918713653808451 1545216150.750104
 
0.37211627063925407 0.8328422467515583 1.7918713653808451 1545216150.7617624
 
0.37145723985636653 0.8357351902109164 1.7947802474675014 1545216150.7757227
 
0.3708211457407076 0.8384543059169068 1.800598011640818 1545216150.7884066
 
0.37012334844117967 0.8415174225209331 1.7947802474675028 1545216150.8004284
 
0.3695030841749326 0.8442401928356229 1.7947802474675028 1545216150.8149786
 
0.36878747829481634 0.8472991980048622 1.8005980116408156 1545216150.8274043
 
0.36815138417915744 0.8500183137108527 1.8005980116408167 1545216150.8432884
 
0.3671451326162051 0.8542640229011677 1.8035068937274732 1545216150.8565254
 
0.36650113161591563 0.8569812767829693 1.8035068937274732 1545216150.8710067
 
0.3657269974735833 0.8602057775480453 1.8064157758141308 1545216150.8835886
 
0.3651232465358119 0.8627532030622341 1.8035068937274756 1545216150.8959208
 
0.3643491123934795 0.8659777038273103 1.8064157758141308 1545216150.9091558
 
0.3636972099578313 0.8686930728926373 1.806415775814132 1545216150.921807
 
0.36293245876998753 0.8719198118772767 1.8035068937274732 1545216150.9344215
 
0.3623213002365673 0.874465470376021 1.806415775814132 1545216150.9472086
 
0.361669397800919 0.8771808394413482 1.8064157758141308 1545216150.959231
 
0.3610174953652707 0.8798962085066754 1.8064157758141333 1545216150.9717436
 
0.3602841051251664 0.8829509987051685 1.8064157758141308 1545216150.9846911
 
0.3596322026895182 0.8856663677704955 1.8064157758141333 1545216150.9971728
 
0.3589803002538699 0.8883817368358227 1.8064157758141308 1545216151.0100586
 
0.3582469100137656 0.8914365270343158 1.8064157758141308 1545216151.0235126
 
0.3575950075781173 0.894151896099643 1.8064157758141308 1545216151.03518
 
0.35692731888695495 0.8968634266191529 1.812233539987445 1545216151.0481467
 
0.3561761691093973 0.8999138984536015 1.812233539987446 1545216151.060382
 
0.35555760815170057 0.9024577683965846 1.8093246579007884 1545216151.0739
 
0.3548314400320621 0.9053345936074476 1.8180513041607613 1545216151.0857036
 
0.35414798768416705 0.9080421938059069 1.8180513041607589 1545216151.097529
 
0.35351463764253505 0.9105824220771386 1.8151424220741037 1545216151.1104815
 
0.3528390642647942 0.913291998899786 1.8151424220741026 1545216151.124019
 
0.35211289614515573 0.9161688241106489 1.8180513041607602 1545216151.1357625
 
0.3514294437972607 0.9188764243091082 1.8180513041607589 1545216151.1477122
 
0.3507459914493657 0.9215840245075675 1.8180513041607613 1545216151.160091
 
0.3500625391014707 0.9242916247060265 1.8180513041607589 1545216151.1737545
 
0.3493790867535757 0.9269992249044858 1.8180513041607589 1545216151.1857066
 
0.3485924947722325 0.930040750419088 1.8238690683340741 1545216151.1975315
 
0.3478933018999274 0.9327443286542899 1.8238690683340741 1545216151.210704
 
0.34710670991858417 0.935785854168892 1.8238690683340755 1545216151.2242308
 
0.346320117937241 0.9388273796834941 1.8238690683340741 1545216151.2362952
 
0.34562092506493586 0.9415309579186962 1.8238690683340741 1545216151.2491527
 
0.34492173219263084 0.944234536153898 1.8238690683340755 1545216151.2615464
 
0.34417048700592406 0.9471049148921982 1.826777950420733 1545216151.2753053
 
0.3433750509258816 0.9501441394386335 1.826777950420733 1545216151.2877407
 
0.34261545933602017 0.9530123207523669 1.8296868325073907 1545216151.2996862
 
0.34191626646371515 0.9557158989875686 1.8238690683340741 1545216151.3132637
 
0.3411650212770084 0.9585862777258688 1.826777950420733 1545216151.3257723
 
0.34035191726630515 0.9616208232056512 1.832595714594047 1545216151.3377206
 
0.33962915814568007 0.9643181969654578 1.8325957145940448 1545216151.3498664
 
0.33883372206563755 0.9673574215118934 1.8267779504207318 1545216151.363149
 
0.33812666777226646 0.9700589544420584 1.8267779504207318 1545216151.3780286
 
0.3371883487494965 0.9736020019472581 1.8296868325073894 1545216151.3898935
 
0.3364017567681533 0.9766435274618601 1.8238690683340741 1545216151.4018824
 
0.3357025638958482 0.9793471056970623 1.8238690683340741 1545216151.4175096
 
0.3347745551357986 0.9828928676679037 1.8267779504207307 1545216151.433902
 
0.3337694653818601 0.9867792613810065 1.823869068334073 1545216151.4484665
 
0.33294851630909944 0.9899921621691158 1.8209601862474178 1545216151.461077
 
0.332153080229057 0.9930313867155511 1.826777950420733 1545216151.473776
 
0.3313753390022311 0.996075187462181 1.820960186247419 1545216151.4865339
 
0.33068401346727483 0.9987807881258519 1.8209601862474178 1545216151.4984338
 
0.32999268793231845 1.0014863887895231 1.8209601862474178 1545216151.5139658
 
0.3290421153217535 1.0052065897020708 1.8209601862474165 1545216151.5305777
 
0.32797422102816753 1.0094372150121633 1.8180513041607613 1545216151.549258
 
0.3270561490778193 1.0131655694764894 1.812233539987446 1545216151.5650456
 
0.3262018336429505 1.0165500697245635 1.8180513041607602 1545216151.5800002
 
0.3252620866645949 1.020273019997445 1.8180513041607602 1545216151.5941584
 
0.32445984327852767 1.0234906424743386 1.8151424220741013 1545216151.60818
 
0.3237336751588892 1.0263674676852017 1.8180513041607602 1545216151.6217039
 
0.32287935972402043 1.0297519679332756 1.8180513041607602 1545216151.635858
 
0.32214482634312924 1.0326266686384262 1.8209601862474178 1545216151.6484563
 
0.32141865822349075 1.0355034938492893 1.8180513041607624 1545216151.6617963
 
0.3206497743321089 1.0385495440725558 1.8180513041607602 1545216151.677241
 
0.3196786376016064 1.0424445607551116 1.8151424220741037 1545216151.6915555
 
0.31898731206665015 1.0451501614187824 1.8209601862474165 1545216151.7047138
 
0.3182272920166917 1.0481984353442606 1.8151424220741037 1545216151.73148
 
0.3163261467955618 1.055638837169356 1.8209601862474165 1545216151.7601507
 
0.31497500004008017 1.0610579908146505 1.8151424220741026 1545216151.8056562
 
0.31220969790025477 1.0718803934693348 1.8209601862474178 1545216151.8334808
 
0.3107491288883371 1.0778118664807628 1.8122335399874472 1545216151.861018
 
0.30906402289688106 1.0844067680984608 1.8209601862474165 1545216151.8935711
 
0.3072305472966203 1.0920437435946933 1.8064157758141308 1545216151.9437647
 
0.303894903744025 1.1054222791565143 1.8151424220741013 1545216151.9918354
 
0.301318899742867 1.116291294683721 1.8035068937274743 1545216152.0359943
 
0.29870617999871574 1.1287614317536516 1.7773269549475592 1545216152.1103015
 
0.2952234880848126 1.1442573842044759 1.7918713653808438 1545216152.1546197
 
0.29248648383358233 1.1558057132021327 1.8035068937274732 1545216152.2304897
 
0.2885200207438687 1.1736972719903656 1.7889624832941897 1545216152.2941923
 
0.28557541832826877 1.1864517463128952 1.7976891295541604 1545216152.351612
 
0.28217530359272947 1.2026800068833527 1.7773269549475592 1545216152.4683404
 
0.2760901605783272 1.2297553523743534 1.7918713653808451 1545216152.5641901
 
0.2716710344426572 1.251476051271282 1.7715091907742464 1545216152.7145965
 
0.264585382533313 1.2885032921997719 1.759873662427616 1545216152.843945
 
0.258919006690865 1.3140626618972473 1.7889624832941875 1545216152.9031641
 
0.25522828485516147 1.3309426531728499 1.7860536012075299 1545216153.0216627
 
0.25011323334379565 1.3560839345732312 1.771509190774244 1545216153.0903726
 
0.24656230448252825 1.372101139583649 1.7889624832941875 1545216153.181566
 
0.24185492969780195 1.393046218171027 1.7918713653808451 1545216153.2586432
 
0.23803956996388703 1.4102561937673268 1.7889624832941875 1545216153.304213
 
0.23595724612276248 1.4203408975928462 1.7744180728609016 1545216153.350196
 
0.23363485024554118 1.4312669111629501 1.7802358370342168 1545216153.3946288
 
0.23139103340162992 1.441674284888997 1.7831447191208722 1545216153.4233956
 
0.23038447290098346 1.4462779188732524 1.786053601207532 1545216153.4353569
 
0.2297422836388394 1.4491746474389662 1.7889624832941875 1545216153.447875
 
0.2290339632865326 1.452414241724183 1.786053601207532 1545216153.4614198
 
0.22839177402438846 1.4553109702898972 1.7889624832941875 1545216153.4750926
 
0.22772966413602122 1.458381998602501 1.7831447191208722 1545216153.4883683
 
0.22699398648227986 1.461794252283172 1.7831447191208722 1545216153.501033
 
0.22631402138118606 1.4648613766468692 1.7889624832941897 1545216153.5164328
 
0.2255519852339728 1.4684464748495596 1.7802358370342168 1545216153.5338275
 
0.22465726478895376 1.4725385939466753 1.786053601207532 1545216153.5493677
 
0.22395837101789937 1.4757802349433131 1.783144719120877 1545216153.5612845
 
0.22332461070267765 1.4786788193037697 1.7860536012075299 1545216153.5744684
 
0.22267143686220903 1.4817517606203618 1.7802358370342193 1545216153.58901
 
0.2219198325522478 1.48533906032541 1.7773269549475617 1545216153.6022284
 
0.22125772266388047 1.4884100886380143 1.7831447191208745 1545216153.6152816
 
0.22064083625899358 1.491312310992573 1.7802358370342168 1545216153.6282666
 
0.22001551025331337 1.4942127266211436 1.7831447191208745 1545216153.6402748
 
0.21937127798763223 1.4972875549397566 1.7773269549475592 1545216153.6530688
 
0.21879862708480455 1.5000207356674127 1.7773269549475592 1545216153.6646652
 
0.21822597618197687 1.5027539163950687 1.777326954947557 1545216153.6805696
 
0.21736699982773533 1.506853687486553 1.777326954947557 1545216153.695312
 
0.21672276756205425 1.5099285158051658 1.7773269549475592 1545216153.7103822
 
0.2159110142002599 1.5138598410252837 1.774418072860904 1545216153.7403982
 
0.2145251863851031 1.5208802163381054 1.7656914266009287 1545216153.7602158
 
0.21371343302330872 1.5248115415582235 1.774418072860904 1545216153.7756112
 
0.21298768431167714 1.5282259207988806 1.7802358370342168 1545216153.7885804
 
0.21237924272742278 1.531129925322015 1.777326954947557 1545216153.8003948
 
0.21180659182459502 1.5338631060496715 1.7773269549475592 1545216153.8143635
 
0.21113601296050413 1.5371107225358553 1.7744180728609016 1545216153.8284159
 
0.21043014047198735 1.5405292662055228 1.7744180728609016 1545216153.843163
 
0.20979485523232222 1.5436059555082238 1.7744180728609016 1545216153.8545685
 
0.20923015724150884 1.5463407904439577 1.7744180728608994 1545216153.8670423
 
0.2086654592506954 1.5490756253796918 1.7744180728609016 1545216153.8801663
 
0.20795958676217857 1.5524941690493594 1.774418072860904 1545216153.8922718
 
0.2073948887713652 1.5552290039850933 1.7744180728609016 1545216153.9045522
 
0.20683019078055181 1.5579638389208272 1.7744180728609016 1545216153.9179394
 
0.20615016783344392 1.561209491034919 1.777326954947557 1545216153.9305553
 
0.20547958896935303 1.564457107521103 1.7744180728609016 1545216153.9445884
 
0.20484430372968787 1.567533796823804 1.774418072860904 1545216153.9565623
 
0.2042796057388745 1.5702686317595378 1.7744180728609016 1545216153.969985
 
0.20357373325035777 1.573687175429205 1.7744180728609016 1545216153.9845374
 
0.20293844801069263 1.576763864731906 1.7744180728609016 1545216153.9969647
 
0.20234691144135103 1.579671359859841 1.771509190774244 1545216154.01174
 
0.2016057453284084 1.583260830712992 1.7744180728609016 1545216154.0259676
 
0.20087502368392754 1.586852442341618 1.771509190774244 1545216154.0392854
 
0.2003182833833707 1.5895889083443806 1.771509190774244 1545216154.0513744
 
0.19967405111768957 1.5926637366629937 1.7773269549475592 1545216154.067411
 
0.19888518288731266 1.5965997179157208 1.7686003086875863 1545216154.0841706
 
0.19813061327564774 1.6003645695487643 1.7686003086875888 1545216154.0959744
 
0.1975390767063062 1.6032720646766991 1.771509190774244 1545216154.109375
 
0.1969560001882015 1.6061812682113235 1.7686003086875888 1545216154.1218548
 
0.19633862505138477 1.6092616013656316 1.7686003086875863 1545216154.13536
 
0.1957640135182709 1.6121724886904603 1.7656914266009336 1545216154.1472914
 
0.19522320266357557 1.6149121473491224 1.7656914266009311 1545216154.1593895
 
0.19461479045204322 1.6179942633401176 1.7656914266009336 1545216154.1733065
 
0.19400637824051095 1.6210763793311125 1.7656914266009287 1545216154.1871488
 
0.19337363165027968 1.6243315783429784 1.762782544514271 1545216154.1992183
 
0.19284079241640073 1.6270727985634967 1.7627825445142735 1545216154.2134743
 
0.19219857952645 1.630326143220658 1.7656914266009287 1545216154.2257586
 
0.19161550300834532 1.6332353467552823 1.7686003086875888 1545216154.240397
 
0.19086093339668045 1.6370001983883256 1.7686003086875863 1545216154.2566812
 
0.19019488435433182 1.6404267236639734 1.7627825445142735 1545216154.2737038
 
0.18944039364176266 1.644369439133211 1.7598736624276183 1545216154.2905307
 
0.18865152541138583 1.6483054203859377 1.7686003086875888 1545216154.308938
 
0.1878762016107804 1.652421831004903 1.7569647803409583 1545216154.3259246
 
0.1870987860071558 1.6563600903267302 1.7656914266009287 1545216154.3444352
 
0.18628756972511273 1.6604695783147236 1.7656914266009287 1545216154.3589408
 
0.1856548231348815 1.6637247773265893 1.7627825445142735 1545216154.3704484
 
0.1851219839010025 1.666465997547108 1.7627825445142735 1545216154.3839881
 
0.1845473723678887 1.6693768848719364 1.7656914266009287 1545216154.3958068
 
0.18400656151319328 1.672116543530599 1.7656914266009287 1545216154.4090314
 
0.18337381492296204 1.6753717425424646 1.7627825445142735 1545216154.4206698
 
0.18284097568908314 1.6781129627629827 1.7627825445142735 1545216154.4349823
 
0.18221770075261304 1.6813699885853963 1.7598736624276183 1545216154.4471867
 
0.18169283764821717 1.684112747172692 1.7598736624276134 1545216154.4593093
 
0.18116797454382133 1.6868555057599874 1.7598736624276134 1545216154.4710839
 
0.18055956233228906 1.6899376217509823 1.7656914266009287 1545216154.4837859
 
0.17996909133984365 1.6930232251616901 1.7598736624276183 1545216154.496554
 
0.1794442282354478 1.6957659837489856 1.7598736624276183 1545216154.5096824
 
0.1788304302266351 1.6990248088223334 1.7569647803409583 1545216154.5214994
 
0.17829759099275624 1.7017660290428513 1.762782544514271 1545216154.535916
 
0.17760870816823665 1.7053658996886767 1.759873662427616 1545216154.5494747
 
0.1769093566737705 1.7089637512281073 1.762782544514271 1545216154.563758
 
0.17641729751339935 1.711535087403697 1.759873662427616 1545216154.57743
 
0.1758034995045868 1.7147939124770442 1.7569647803409607 1545216154.5936635
 
0.17507195921978058 1.7187409506474223 1.754055898254303 1545216154.6069653
 
0.1744814882273352 1.7218265540581301 1.7598736624276134 1545216154.619009
 
0.17393230053523975 1.7247423449132302 1.7569647803409583 1545216154.630472
 
0.17341541800150273 1.7274866186592075 1.7569647803409583 1545216154.6445124
 
0.1727693148343316 1.7309169608416783 1.7569647803409583 1545216154.6583476
 
0.1721878219838777 1.7340042688059016 1.7569647803409583 1545216154.6701488
 
0.1716471182951078 1.7369216448448772 1.754055898254303 1545216154.6832674
 
0.1711382207056774 1.7396674105286185 1.754055898254303 1545216154.6958847
 
0.1705657109175682 1.7427563969228275 1.754055898254303 1545216154.710043
 
0.1699295889307802 1.746188604027504 1.754055898254303 1545216154.7264113
 
0.16927214673578803 1.7497943491617085 1.751147016167643 1545216154.740095
 
0.1686678308483395 1.7530549459111509 1.7540558982543006 1545216154.7530856
 
0.16815893325890907 1.7558007115948921 1.754055898254303 1545216154.7645667
 
0.16765003566947861 1.7585464772786337 1.7540558982542982 1545216154.7770228
 
0.16697162734394885 1.7621483365702284 1.7569647803409583 1545216154.7934415
 
0.16645474481021197 1.764892610316205 1.7569647803409583 1545216154.8069596
 
0.1658504289227634 1.7681532070656476 1.754055898254303 1545216154.8196533
 
0.1653182138125317 1.7710721436028605 1.751147016167643 1545216154.831674
 
0.16477751012376185 1.7739895196418358 1.754055898254303 1545216154.8469944
 
0.16412143124326706 1.7774179678759552 1.7598736624276134 1545216154.8605466
 
0.16354892145515781 1.7805069542701644 1.754055898254303 1545216154.8733509
 
0.16304002386572744 1.7832527199539057 1.754055898254303 1545216154.8858192
 
0.16244955287328203 1.7863383233646135 1.759873662427616 1545216154.899857
 
0.16183575486446938 1.7895971484379611 1.7569647803409583 1545216154.9133275
 
0.1612950511756997 1.7925145244769358 1.7540558982543006 1545216154.9254832
 
0.16078615358626916 1.7952602901606778 1.7540558982543006 1545216154.937296
 
0.16027725599683879 1.798006055844419 1.7540558982543006 1545216154.9517806
 
0.15957752181137203 1.8017814836595631 1.754055898254303 1545216154.9644933
 
0.15906862422194157 1.8045272493433047 1.7540558982542982 1545216154.977527
 
0.15847815322949627 1.807612852754012 1.7598736624276134 1545216154.9900086
 
0.15790564344138702 1.8107018391482212 1.754055898254303 1545216155.005691
 
0.15724956456089223 1.8141302873823406 1.7598736624276134 1545216155.0183327
 
0.15667705477278307 1.8172192737765493 1.7540558982542982 1545216155.0301778
 
0.15612786708068754 1.8201350646316499 1.7569647803409583 1545216155.0437493
 
0.15552355119323896 1.8233956613810924 1.754055898254303 1545216155.0596857
 
0.15486610899824688 1.8270014065152964 1.751147016167643 1545216155.0715582
 
0.15434922646450988 1.8297456802612735 1.7569647803409607 1545216155.0841594
 
0.15378570458308802 1.8328363189477346 1.751147016167643 1545216155.1000378
 
0.15305416429828186 1.8367833571181125 1.7540558982543006 1545216155.113635
 
0.1525452667088515 1.8395291228018538 1.7540558982543006 1545216155.1253536
 
0.15203636911942103 1.8422748884855953 1.7540558982543006 1545216155.1374784
 
0.15152747152999066 1.8450206541693366 1.7540558982543006 1545216155.1507144
 
0.1508490632044609 1.8486225134609313 1.7569647803409583 1545216155.1635375
 
0.15037197171436992 1.8511966687894388 1.754055898254303 1545216155.1753166
 
0.14983975660413823 1.8541156053266517 1.751147016167643 1545216155.1872547
 
0.14933884826509655 1.856862839714617 1.7511470161676477 1545216155.2002048
 
0.14875351188051694 1.8601268970320037 1.7482381340809878 1545216155.2135215
 
0.14826059703034455 1.8628755768782246 1.748238134080983 1545216155.2254539
 
0.14772838192011287 1.8657945134154375 1.751147016167643 1545216155.2373462
 
0.14722747358107127 1.8685417478034025 1.751147016167643 1545216155.263027
 
0.14614922234631927 1.8745544849670102 1.7482381340809854 1545216155.2745473
 
0.1456796207784677 1.8771300172057277 1.7511470161676455 1545216155.2865548
 
0.1451787124394261 1.8798772515936928 1.751147016167643 1545216155.2996593
 
0.14463318060015837 1.8829711163957545 1.7453292519943302 1545216155.3152266
 
0.14400704517635637 1.8864051593807107 1.7511470161676455 1545216155.3274076
 
0.1435061368373147 1.8891523937686763 1.751147016167643 1545216155.3404543
 
0.1429426149558929 1.892243032455137 1.7511470161676455 1545216155.3545456
 
0.14235727857131328 1.8955070897725237 1.7482381340809878 1545216155.370588
 
0.1416998363763211 1.899112834906728 1.751147016167643 1545216155.3835614
 
0.14119892803727951 1.9018600692946932 1.751147016167643 1545216155.3952975
 
0.14069801969823792 1.9046073036826583 1.751147016167643 1545216155.409376
 
0.14011268331365823 1.9078713610000455 1.7482381340809878 1545216155.4212668
 
0.13951785466104627 1.9111337018357544 1.751147016167643 1545216155.4343214
 
0.13901694632200468 1.9138809362237195 1.751147016167643 1545216155.4465826
 
0.13851603798296308 1.9166281706116846 1.7511470161676455 1545216155.4599762
 
0.137889902559161 1.9200622135966412 1.7511470161676455 1545216155.471716
 
0.13741281106907002 1.9226363689251487 1.7540558982543006 1545216155.4853027
 
0.13688059595883834 1.9255553054623615 1.751147016167643 1545216155.4974082
 
0.13637968761979666 1.9283025398503268 1.7511470161676455 1545216155.5116882
 
0.13573358445262546 1.9317328820327981 1.7569647803409583 1545216155.524105
 
0.1351928807638557 1.934650258071773 1.7540558982542982 1545216155.535884
 
0.13466066565362397 1.937569194608986 1.7511470161676477 1545216155.54836
 
0.1340971437722022 1.9406598332954466 1.751147016167643 1545216155.5705435
 
0.1332037356062648 1.9456418155167214 1.7482381340809878 1545216155.5833943
 
0.1326715204960331 1.9485607520539343 1.7511470161676477 1545216155.595015
 
0.13217061215699133 1.9513079864419 1.751147016167643 1545216155.6092339
 
0.13158527577241172 1.9545720437592868 1.7482381340809878 1545216155.625909
 
0.13080260649265915 1.9588645974904826 1.751147016167643 1545216155.6405025
 
0.13021727010807954 1.9621286548078694 1.7482381340809878 1545216155.6534023
 
0.1296807402520543 1.9652240934059815 1.7424203699076726 1545216155.6665692
 
0.1291262110456104 1.96831635823298 1.7482381340809854 1545216155.6799228
 
0.12853138239299844 1.9715786990686888 1.751147016167643 1545216155.6917791
 
0.12800766036469044 1.9744991714052975 1.7482381340809854 1545216155.7053237
 
0.12745313115824652 1.977591436232296 1.7482381340809878 1545216155.7309744
 
0.12635739416659286 1.9836010114559701 1.7511470161676477 1545216155.744213
 
0.12583367213828478 1.9865214837925793 1.7482381340809878 1545216155.7582796
 
0.12525783297461338 1.9897872299725328 1.7453292519943278 1545216155.7713594
 
0.12469431109319157 1.9928778686589934 1.7511470161676477 1545216155.7859988
 
0.1240881646051164 1.9963154962168392 1.7453292519943278 1545216155.7991736
 
0.12354263276584868 1.999409361018901 1.7453292519943302 1545216155.8159034
 
0.12291649734204668 2.0028434040038574 1.751147016167643 1545216155.827897
 
0.122415589003005 2.0055906383918227 1.7511470161676455 1545216155.8410947
 
0.12185206712158321 2.008681277078283 1.751147016167643 1545216155.8536294
 
0.12138995944954659 2.0112581644341154 1.7482381340809878 1545216155.8737805
 
0.12055535745128503 2.0160732911422903 1.7424203699076748 1545216155.8873
 
0.12002314234105332 2.018992227679503 1.7511470161676455 1545216155.8993876
 
0.11947761050178558 2.022086092481565 1.7453292519943324 1545216155.9135313
 
0.1189538884734775 2.0250065648181743 1.7482381340809878 1545216155.928205
 
0.11831776648668953 2.028438771922851 1.754055898254303 1545216155.9400904
 
0.11778555137645784 2.031357708460064 1.751147016167643 1545216155.9517684
 
0.1172618293481496 2.034278180796674 1.7482381340809878 1545216155.9657843
 
0.11668931956004043 2.037367167190883 1.754055898254303 1545216155.9786692
 
0.11615710444980874 2.040286103728096 1.751147016167643 1545216155.9910343
 
0.11561640076103896 2.043203479767071 1.754055898254303 1545216156.0039444
 
0.11510750317160859 2.0459492454508124 1.7540558982543006 1545216156.0177307
 
0.11449370516279594 2.04920807052416 1.7569647803409583 1545216156.0302296
 
0.11393018328137408 2.052298709210621 1.751147016167643 1545216156.0432718
 
0.11342927494233249 2.0550459435985857 1.7511470161676455 1545216156.0547225
 
0.11292836660329082 2.057793177986551 1.751147016167643 1545216156.0717652
 
0.11211439055234816 2.0622574338669946 1.751147016167643 1545216156.084203
 
0.11161348221330657 2.0650046682549594 1.751147016167643 1545216156.0959573
 
0.11111257387426496 2.0677519026429243 1.7511470161676477 1545216156.109439
 
0.11056704203499723 2.070845767444986 1.7453292519943278 1545216156.1230414
 
0.11000352015357544 2.0739364061314465 1.751147016167643 1545216156.1346493
 
0.10947979812526736 2.076856878468056 1.7482381340809878 1545216156.146662
 
0.10898688327509497 2.079605558314277 1.7482381340809878 1545216156.1590724
 
0.10847165876023107 2.082527541738446 1.7453292519943302 1545216156.1766083
 
0.10772029625166868 2.0866483933203934 1.751147016167643 1545216156.1886165
 
0.107219387912627 2.0893956277083587 1.7511470161676455 1545216156.2003706
 
0.10669566588431892 2.092316100044968 1.7482381340809878 1545216156.214562
 
0.10601790796533192 2.0960955348335215 1.7482381340809878 1545216156.2296183
 
0.1054813781093066 2.099190973431634 1.7424203699076748 1545216156.2416098
 
0.10497248051987623 2.1019367391153754 1.7540558982543006 1545216156.2544854
 
0.10441795131343239 2.1050290039423736 1.7482381340809878 1545216156.2679262
 
0.10388573620320062 2.107947940479587 1.7511470161676455 1545216156.2805471
 
0.10334020436393296 2.111041805281648 1.7453292519943324 1545216156.2937415
 
0.10285528717347275 2.113791907327925 1.7453292519943278 1545216156.3057396
 
0.1023097553342051 2.1168857721299865 1.7453292519943324 1545216156.320543
 
0.10164299419732234 2.1206671624436173 1.7453292519943278 1545216156.3389971
 
0.10095742827017899 2.1246224450967603 1.7424203699076726 1545216156.3560107
 
0.100279670351192 2.1284018798853137 1.7482381340809878 1545216156.3766584
 
0.09941706936339047 2.1332120696161994 1.7482381340809854 1545216156.394541
 
0.0986970136260181 2.1371612190488993 1.751147016167643 1545216156.4112756
 
0.09796547334121194 2.1411082572192774 1.7540558982543006 1545216156.4244134
 
0.09743325823098017 2.1440271937564908 1.7511470161676455 1545216156.4363322
 
0.09693234989193851 2.146774428144456 1.751147016167643 1545216156.4482694
 
0.09645525840184761 2.149348583472963 1.754055898254303 1545216156.4601989
 
0.09592304329161584 2.1522675200101764 1.751147016167643 1545216156.4742022
 
0.09535952141019405 2.155358158696637 1.751147016167643 1545216156.487492
 
0.09477418502561435 2.158622216014024 1.7482381340809878 1545216156.5013943
 
0.09420167523750518 2.161711202408233 1.754055898254303 1545216156.5145888
 
0.09366946012727341 2.164630138945446 1.751147016167643 1545216156.5279377
 
0.09306514423982484 2.167890735694889 1.7540558982543006 1545216156.5398817
 
0.09253292912959314 2.1708096722321018 1.7511470161676477 1545216156.5516927
 
0.09205583763950208 2.1733838275606097 1.754055898254303 1545216156.564134
 
0.0915469400500717 2.176129593244351 1.7540558982543006 1545216156.5812504
 
0.09078359366592606 2.1802482417699633 1.7540558982543006 1545216156.594313
 
0.09022906445948221 2.1833405065969615 1.7482381340809878 1545216156.6075006
 
0.08965655467137297 2.186429492991171 1.7540558982543006 1545216156.6195805
 
0.089141330156509 2.1893514764153403 1.7453292519943278 1545216156.6332061
 
0.08861760812820092 2.1922719487519498 1.7482381340809878 1545216156.6460168
 
0.08800146456548553 2.195707798559725 1.7482381340809878 1545216156.659056
 
0.08750854971531323 2.1984564784059457 1.7482381340809878 1545216156.670523
 
0.08693603992720399 2.201545464800155 1.7540558982542982 1545216156.6844926
 
0.08638151072076006 2.2046377296271533 1.7482381340809878 1545216156.6989567
 
0.08574505690828112 2.2082472385628913 1.7453292519943324 1545216156.7139184
 
0.08514074102083254 2.211507835312334 1.754055898254303 1545216156.7334886
 
0.08433975438930245 2.2159744400624426 1.7482381340809878 1545216156.7470465
 
0.08374492573669048 2.2192367808981515 1.7511470161676455 1545216156.759372
 
0.08324401739764889 2.2219840152861163 1.751147016167643 1545216156.7712476
 
0.08265868101306928 2.225248072603503 1.7482381340809854 1545216156.785485
 
0.08216576616289699 2.2279967524497235 1.748238134080983 1545216156.797384
 
0.08165054164803302 2.230918735873893 1.7453292519943302 1545216156.8101072
 
0.08106520526345333 2.23418279319128 1.7482381340809854 1545216156.8241222
 
0.08044906170073796 2.237618642999055 1.7482381340809854 1545216156.8397067
 
0.0798922315160232 2.2408876839898797 1.739511487821015 1545216156.8515358
 
0.07936850948771504 2.2438081563264896 1.74823813408099 1545216156.8645914
 
0.07885328497285114 2.2467301397506585 1.7453292519943302 1545216156.8789427
 
0.07830775313358342 2.2498240045527202 1.7453292519943278 1545216156.8912323
 
0.07778403110527533 2.2527444768893297 1.74823813408099 1545216156.9045
 
0.0772475012492501 2.255839915487442 1.7424203699076748 1545216156.9166868
 
0.07677058582167205 2.258591416463542 1.7424203699076726 1545216156.92985
 
0.07619474665800055 2.261857162643496 1.7453292519943349 1545216156.9417837
 
0.07570982946754033 2.264607264689773 1.7453292519943324 1545216156.9542737
 
0.0752249122770802 2.2673573667360496 1.7453292519943302 1545216156.966236
 
0.07473999508662008 2.270107468782326 1.7453292519943278 1545216156.9798636
 
0.07419446324735243 2.2732013335843875 1.7453292519943278 1545216156.9930892
 
0.07370954605689231 2.275951435630664 1.7453292519943253 1545216157.007461
 
0.07316401421762457 2.279045300432726 1.7453292519943324 1545216157.0194733
 
0.0726364908847369 2.2821422866345595 1.7395114878210125 1545216157.0335426
 
0.07209095904546926 2.285236151436621 1.7453292519943278 1545216157.045475
 
0.07160604185500896 2.2879862534828983 1.7453292519943324 1545216157.057512
 
0.07104251997358715 2.2910768921693587 1.7511470161676477 1545216157.0695858
 
0.07061821743193454 2.293483231459851 1.7453292519943278 1545216157.0830784
 
0.07003288104735492 2.2967472887772376 1.7482381340809878 1545216157.0954502
 
0.06953996619718253 2.2994959686234586 1.7482381340809878 1545216157.1084087
 
0.06892382263446706 2.3029318184312344 1.7482381340809878 1545216157.1204057
 
0.06843090778429475 2.305680498277455 1.7482381340809878 1545216157.1340125
 
0.0678763785778509 2.3087727631044532 1.74823813408099 1545216157.1458533
 
0.06734416346761914 2.3116916996416665 1.7511470161676406 1545216157.1594136
 
0.06677782639737027 2.3149591070507847 1.7424203699076748 1545216157.1741176
 
0.06618168211289772 2.3183984832709097 1.7424203699076701 1545216157.1873698
 
0.06566645759803384 2.3213204666950786 1.7453292519943278 1545216157.1999524
 
0.06510012052778492 2.324587874104197 1.7424203699076701 1545216157.2136214
 
0.06462320510020694 2.327339375080297 1.7424203699076701 1545216157.2254496
 
0.06410798058534305 2.330261358504466 1.7453292519943324 1545216157.2385974
 
0.06354164351509413 2.3335287659135844 1.7424203699076701 1545216157.2503538
 
0.06306472808751615 2.336280266889684 1.7424203699076701 1545216157.2631457
 
0.06258781265993817 2.3390317678657837 1.7424203699076748 1545216157.2745554
 
0.062051282803912935 2.342127206463896 1.7424203699076726 1545216157.2875056
 
0.06153605828904896 2.345049189888065 1.7453292519943302 1545216157.3002152
 
0.061029335647247274 2.3479726596751713 1.7424203699076748 1545216157.3137805
 
0.06053111916618662 2.3508975910880143 1.7395114878210172 1545216157.3256636
 
0.05998558732691897 2.3539914558900756 1.7453292519943302 1545216157.3385646
 
0.059458063994031314 2.3570884420919094 1.7395114878210125 1545216157.350319
 
0.058989154364797756 2.3598413187157616 1.7395114878210172 1545216157.3633525
 
0.05852024473556427 2.3625941953396135 1.7395114878210172 1545216157.3747191
 
0.057992721402676604 2.365691181541447 1.739511487821015 1545216157.3930252
 
0.057313392106939365 2.3698245185816207 1.733693723647702 1545216157.4081619
 
0.05678586877405171 2.3729215047834544 1.7395114878210125 1545216157.4206316
 
0.05629616266943519 2.375847873072467 1.736602605734362 1545216157.4347036
 
0.05572003784047467 2.3792906592948344 1.736602605734362 1545216157.447752
 
0.05524312241289668 2.382042160270934 1.7424203699076748 1545216157.4596415
 
0.054782222549728206 2.3847963892488284 1.7366026057343573 1545216157.4716122
 
0.05430530712215022 2.387547890224928 1.7424203699076748 1545216157.4877183
 
0.053649548409230426 2.3913312040670656 1.7424203699076701 1545216157.4996703
 
0.05315133192816978 2.3942561354799086 1.739511487821015 1545216157.5163832
 
0.05254640085776131 2.3978710610133938 1.7366026057343595 1545216157.5300267
 
0.05198957067304648 2.4011401020042187 1.739511487821015 1545216157.5436702
 
0.051520661043813 2.4038929786280705 1.739511487821015 1545216157.5553405
 
0.051013938402011315 2.4068164484151766 1.7424203699076726 1545216157.5675406
 
0.05051572192095067 2.4097413798280196 1.739511487821015 1545216157.579575
 
0.05008362829923036 2.412323469494795 1.7366026057343573 1545216157.5930417
 
0.049526798114515526 2.4155925104856197 1.739511487821015 1545216157.605748
 
0.048979479527002955 2.4188631573968693 1.736602605734362 1545216157.6191885
 
0.0483833352425304 2.4223025336169943 1.7424203699076726 1545216157.633869
 
0.04786482289646587 2.425401041217125 1.7366026057343573 1545216157.6466093
 
0.04740392303329745 2.428155270195019 1.736602605734362 1545216157.6591427
 
0.04694302317012904 2.430909499172913 1.7366026057343573 1545216157.671507
 
0.046366898341168465 2.434352285395281 1.7366026057343573 1545216157.6897426
 
0.04575520388002837 2.438142973064278 1.730784841561042 1545216157.7017632
 
0.04516079074625843 2.441759642974429 1.7336937236476997 1545216157.7289855
 
0.04419840757729736 2.447615203781341 1.7336937236477044 1545216157.7477534
 
0.04336756402675188 2.452961551416504 1.7249670773877268 1545216157.7790692
 
0.04220704314653417 2.4600226688601334 1.7336937236476997 1545216157.8102584
 
0.04094737711828774 2.468128421726349 1.7249670773877268 1545216157.8405159
 
0.03992892373374799 2.4746820091500985 1.7249670773877268 1545216157.8683314
 
0.038910470349208345 2.481235596573847 1.7249670773877315 1545216157.8958972
 
0.037945619774381205 2.487444258343715 1.7249670773877268 1545216157.9133778
 
0.03740959167725516 2.4908935148825293 1.7249670773877268 1545216157.926355
 
0.03689083534633101 2.494168813452649 1.7278759594743844 1545216157.950061
 
0.03592961085467048 2.500731038905484 1.716240431127754 1545216157.973852
 
0.03524582078290932 2.5052170804473493 1.7220581953010692 1545216157.987208
 
0.034807261431669595 2.5081515495862696 1.7191493132144116 1545216158.0002213
 
0.03432664918583925 2.511432662312688 1.7162404311277586 1545216158.01403
 
0.0338364946168066 2.5147123631150103 1.7191493132144162 1545216158.0270596
 
0.03342373287446326 2.51747421642223 1.7191493132144116 1545216158.0391223
 
0.03299371139135207 2.5204099488616554 1.7162404311277633 1545216158.0517173
 
0.032520318264748035 2.5235156699291013 1.7220581953010738 1545216158.0641766
 
0.03204692513814414 2.5266213909965463 1.7220581953010738 1545216158.0775535
 
0.03153769844587438 2.52989818470842 1.7249670773877315 1545216158.0897624
 
0.031055273158460812 2.533002515593354 1.7249670773877268 1545216158.103559
 
0.030591122757107687 2.5359330458929343 1.7278759594743844 1545216158.1166894
 
0.03004506346139806 2.5393807285983234 1.7278759594743844 1545216158.1300771
 
0.029478955714950413 2.542825176131801 1.7336937236477044 1545216158.1436155
 
0.02904686209322989 2.5454072657985773 1.7366026057343573 1545216158.1564848
 
0.028431418204860948 2.5490204163673833 1.739511487821015 1545216158.168361
 
0.027924695563059418 2.5519438861544885 1.7424203699076726 1545216158.1801643
 
0.02740947104819545 2.554865869578658 1.7453292519943302 1545216158.1918287
 
0.026885749019887384 2.5577863419152673 1.748238134080983 1545216158.225922
 
0.0251638766044317 2.5672299601238984 1.7511470161676406 1545216158.2778587
 
0.022837905202615562 2.5795791919807933 1.7569647803409607 1545216158.3338304
 
0.020296766821317726 2.5917076814597673 1.7773269549475592 1545216158.3832092
 
0.01807326848248986 2.6024760940192198 1.7744180728609016 1545216158.4310777
 
0.015823447476431718 2.613060669665258 1.7802358370342168 1545216158.449669
 
0.014976400490211737 2.617162922068858 1.7744180728609016 1545216158.4678185
 
0.014224796180250368 2.620750221773907 1.7773269549475592 1545216158.4841402
 
0.0134891185265089 2.6241624754545785 1.7831447191208745 1545216158.5010462
 
0.012679873107393389 2.6279159545033166 1.7831447191208745 1545216158.5156372
 
0.012075459684198986 2.6306422872710473 1.788962483294185 1545216158.5281947
 
0.01151625940606193 2.6331998617067454 1.786053601207532 1545216158.5400653
 
0.0109197791093827 2.6359279411048218 1.786053601207532 1545216158.5517833
 
0.010397858849788208 2.6383150105781397 1.7860536012075274 1545216158.5654485
 
0.009738828066900618 2.641207954037498 1.794780247467505 1545216158.5784
 
0.00910506775167893 2.6441065383979545 1.786053601207532 1545216158.5949962
 
0.00836850393551046 2.647339828146649 1.794780247467505 1545216158.6089714
 
0.0077010607213076595 2.6502308423264234 1.7976891295541626 1545216158.620619
 
0.007104722487877596 2.652780013300789 1.8005980116408156 1545216158.634154
 
0.0063713322477733335 2.655834803499282 1.8064157758141308 1545216158.6459472
 
0.005752771290076479 2.6583786734422654 1.8093246579007884 1545216158.6591392
 
0.0050929729351999456 2.6610921347147807 1.8093246579007884 1545216158.6706176
 
0.0044670147872350645 2.663634194576822 1.812233539987446 1545216158.6834767
 
0.003799326096072964 2.6663457250963307 1.812233539987446 1545216158.6954892
 
0.00311587374817776 2.6690533252947906 1.8180513041607613 1545216158.7096794
 
0.002281262884224975 2.672442738444177 1.812233539987446 1545216158.7257593
 
0.0013415159058691685 2.676165688717059 1.8180513041607567 1545216158.7386837
 
0.0007081658642371779 2.678705916988291 1.8151424220741037 1545216158.75104
 
-3.4726562587028185e-05 2.681578468863193 1.823869068334072 1545216158.769374
 
-0.0009744735409426172 2.6853014191360742 1.8180513041607567 1545216158.7812562
 
-0.0017610655222857765 2.6883429446506764 1.823869068334072 1545216158.7936854
 
-0.0024287542134483016 2.691054475170187 1.812233539987446 1545216158.815352
 
-0.003564942630943774 2.695447789802389 1.8238690683340766 1545216158.8273168
 
-0.004264135503248915 2.6981513680375913 1.823869068334072 1545216158.8399038
 
-0.005050727484592088 2.7011928935521934 1.8238690683340766 1545216158.851694
 
-0.005676273499772243 2.703554925222327 1.8296868325073872 1545216158.866641
 
-0.006604282259821623 2.7071006871931678 1.8267779504207295 1545216158.879022
 
-0.007311336553192902 2.709802220123333 1.8267779504207342 1545216158.8905287
 
-0.008070928143054256 2.712670401437066 1.8296868325073918 1545216158.9034257
 
-0.008710205237738803 2.7150287538755347 1.8355045966807024 1545216158.9178216
 
-0.009328370647025354 2.7170298441712712 1.870411181720589 1545216158.9357092
 
-0.010079529714775246 2.719170823958503 1.9082266488471336 1545216158.950708
 
-0.010772757590859655 2.7209611607679425 1.9402243518003628 1545216158.9656084
 
-0.011450035816902331 2.722569721740488 1.9693131726669342 1545216158.981341
 
-0.012251268130750607 2.7243143986614866 2.0013108756201636 1545216158.9966102
 
-0.013107906435686646 2.7260325492933974 2.0333085785733926 1545216159.0147324
 
