0.0 0.0 0.0 1545218768.7272186
 
0.0 0.0 0.0 1545218768.7395585
 
0.0 0.0 -0.005817764173314433 1545218768.7521684
 
0.0003490126859791118 -6.092039094537012e-06 -0.0174532925199433 1545218768.764077
 
0.0008724320373541844 -1.979825717743936e-05 -0.026179938779914945 1545218768.7759373
 
0.0017441516647225862 -6.039925134588728e-05 -0.04654211338651546 1545218768.7885015
 
0.0024408542848785054 -0.0001050459838871444 -0.06399540590645876 1545218768.8013391
 
0.003310415723160756 -0.0001785745804960484 -0.08435758051305926 1545218768.8130822
 
0.004178299801028302 -0.0002697928727995736 -0.10471975511965978 1545218768.8252814
 
0.005216136434472945 -0.00040949911286221346 -0.13380857598623194 1545218768.8374164
 
0.006078450569176754 -0.0005435061371437522 -0.15417075059283245 1545218768.8504837
 
0.007451333411047435 -0.0007979549318589548 -0.1832595714594046 1545218768.862529
 
0.008476276183918448 -0.0010126990204193328 -0.20653062815266235 1545218768.874517
 
0.009495944573664863 -0.0012512343137914149 -0.22980168484592006 1545218768.8871596
 
0.01084773369126582 -0.0016008307499439554 -0.25307274153917786 1545218768.900218
 
0.012188783020572604 -0.001989595695638341 -0.28216156240575 1545218768.9123247
 
0.013520423094383576 -0.0024094601981336605 -0.3054326190990077 1545218768.924028
 
0.0145115553781763 -0.00274751271957963 -0.3287036757922655 1545218768.9370635
 
0.01598447057437716 -0.003293334966353167 -0.3548836145721804 1545218768.9494438
 
0.017442593078588087 -0.0038775265984277822 -0.3810635533520953 1545218768.9622874
 
0.018726267900881995 -0.004426826550406322 -0.404334610045353 1545218768.974244
 
0.019996813520276213 -0.005005847548016177 -0.4276056667386108 1545218768.9871793
 
0.02125354191390403 -0.005614276041172581 -0.45087672343186846 1545218768.9994822
 
0.022648959224757008 -0.00633553301954034 -0.47705666221178344 1545218769.0120385
 
0.023874076195551326 -0.0070053388828370785 -0.5003277189050411 1545218769.0238001
 
0.02493389828074019 -0.007613123799317236 -0.5206898935116416 1545218769.0362363
 
0.02627560408168308 -0.008429963222942554 -0.5468698322915566 1545218769.0508685
 
0.027595467750189763 -0.00928164449949407 -0.5730497710714716 1545218769.063538
 
0.02889771692393418 -0.010160022658235691 -0.5934119456780721 1545218769.0831242
 
0.030866129304020017 -0.01160772916500572 -0.6341362948912731 1545218769.0953991
 
0.03238243319510999 -0.012785308584528919 -0.660316233671188 1545218769.1091092
 
0.03346497304550779 -0.013667158321692597 -0.6835872903644458 1545218769.1259997
 
0.03504162947207169 -0.015045797272797397 -0.7184938754043324 1545218769.1399326
 
0.03645332142519562 -0.016346949304231202 -0.7446738141842472 1545218769.1528313
 
0.03758642703188693 -0.01743482465754934 -0.7650359887908478 1545218769.1655908
 
0.03880974447386329 -0.018679681530456235 -0.79412480965742 1545218769.1772418
 
0.039653302562031575 -0.01956344343778237 -0.8086692200907061 1545218769.1896083
 
0.04094208586964127 -0.020986436187393476 -0.834849158870621 1545218769.2035394
 
0.04219317793575048 -0.022442677726952673 -0.861029097650536 1545218769.2162716
 
0.04319232726771704 -0.023654742788202756 -0.8813912722571364 1545218769.228965
 
0.04427085539487163 -0.02502694950615872 -0.9046623289503942 1545218769.246455
 
0.04572428164812949 -0.0269911423567109 -0.9337511498169665 1545218769.259873
 
0.046729515939222394 -0.028417914313919924 -0.9570222065102241 1545218769.2715085
 
0.04770969652417326 -0.02986201272426197 -0.9744754990301674 1545218769.283685
 
0.048656009053674946 -0.03132852791149161 -0.9977465557234251 1545218769.2968695
 
0.049663891734171794 -0.03296255461928243 -1.0181087303300256 1545218769.3100245
 
0.05072162376092824 -0.03477023097430351 -1.0413797870232835 1545218769.3216126
 
0.05148715407004004 -0.036141859366435845 -1.061741961629884 1545218769.3337424
 
0.05231101573554826 -0.03768050362485724 -1.079195254149827 1545218769.346
 
0.05325641887743342 -0.03954938129454091 -1.102466310843085 1545218769.3615162
 
0.0542391705328123 -0.041594432291031075 -1.1228284854496853 1545218769.3733933
 
0.05503532440452584 -0.04334143251769811 -1.143190660056286 1545218769.3852923
 
0.055731272818726585 -0.044942004291358584 -1.1606439525762293 1545218769.397079
 
0.05653276312523904 -0.04687697305945153 -1.1780972450961726 1545218769.4102583
 
0.05728901171733153 -0.04883006776065953 -1.2013683017894303 1545218769.4220448
 
0.057890717725025645 -0.050468397421677684 -1.2188215943093736 1545218769.4337904
 
0.058526313859275474 -0.05227999570318103 -1.2333660047426598 1545218769.4460661
 
0.05923372521853979 -0.05443582583637316 -1.2537281793492603 1545218769.459647
 
0.05980571029654628 -0.05626850252634252 -1.2682725897825462 1545218769.471412
 
0.06034026209687606 -0.058112445354139355 -1.2886347643891467 1545218769.4834557
 
0.06088821389231999 -0.06013389030139821 -1.30608805690909 1545218769.495311
 
0.06136350019760248 -0.061993990757672056 -1.3206324673423764 1545218769.5068579
 
0.061880326666575315 -0.06420327226878927 -1.3409946419489764 1545218769.5202603
 
0.06229040687054238 -0.06607882685496734 -1.3555390523822628 1545218769.5320358
 
0.06270199029508686 -0.06813238229117276 -1.372992344902206 1545218769.5442255
 
0.06311546958649907 -0.0703633169092126 -1.387536755335492 1545218769.5558255
 
0.0634378449565971 -0.072255919588111 -1.4020811657687784 1545218769.5692396
 
0.06375344037433305 -0.07432640029974119 -1.4195344582887215 1545218769.5808873
 
0.06404492383536868 -0.0764004128929699 -1.4311699866353504 1545218769.5924501
 
0.0643001663913283 -0.07847919669186669 -1.4486232791552935 1545218769.6044273
 
0.06450639983691077 -0.0803879498307881 -1.4631676895885797 1545218769.6170063
 
0.06470713871157431 -0.08247270275358913 -1.4748032179352086 1545218769.6293766
 
0.06486333615385574 -0.08438620037272639 -1.4893476283684948 1545218769.6409788
 
0.06500943377082566 -0.08647549363391407 -1.500983156715123 1545218769.6533947
 
0.06513121201572525 -0.0885663453512766 -1.5126186850617525 1545218769.6658418
 
0.065216992141154 -0.09083365127780633 -1.532980859668353 1545218769.6773887
 
0.06527282913883044 -0.09257808712574042 -1.5387986238416675 1545218769.6896288
 
0.06531547263066372 -0.09467204805601895 -1.550434152188296 1545218769.7014232
 
0.06533374944387237 -0.0967663634102642 -1.562069680534925 1545218769.71403
 
0.06533374944387237 -0.09868622558745799 -1.5707963267948963 1545218769.726078
 
0.06530075038686026 -0.10095491363490561 -1.5853407372281831 1545218769.7388594
 
0.06525607719761493 -0.10287425599248066 -1.5940673834881542 1545218769.7538285
 
0.06518348910063557 -0.10514202259479499 -1.6027940297481265 1545218769.7662878
 
0.06507792651579761 -0.10740849362595284 -1.6173384401814122 1545218769.7789166
 
0.06497187212674192 -0.10932542430961908 -1.626065086441384 1545218769.7901235
 
0.0648551892103331 -0.11106684881125142 -1.6377006147880127 1545218769.8016112
 
0.06474561599760567 -0.1126338187571422 -1.6406094968746696 1545218769.813475
 
0.06456759795628919 -0.11489575243684222 -1.6493361431346414 1545218769.8259048
 
0.06440027094226274 -0.11680830895882952 -1.6580627893946132 1545218769.8373866
 
0.06425881573344927 -0.11837272307413656 -1.6609716714812708 1545218769.8501396
 
0.06404595172347186 -0.12045627287152198 -1.6726071998278993 1545218769.8622053
 
0.06385846677294232 -0.12219150299781421 -1.678424964001214 1545218769.8759558
 
0.06362137451645165 -0.12427243502621899 -1.6842427281745282 1545218769.8892858
 
0.0634137123934067 -0.12600536625408681 -1.6900604923478426 1545218769.900459
 
0.06319597205631697 -0.12773706003286853 -1.695878256521157 1545218769.912229
 
0.06296816087488388 -0.12946745775116367 -1.7016960206944713 1545218769.9249573
 
0.06273028655966949 -0.13119650084143886 -1.707513784867786 1545218769.9363894
 
0.06248235716183554 -0.13292413078200968 -1.7133315490411003 1545218769.949067
 
0.062224381072870975 -0.13465028909902166 -1.7191493132144147 1545218769.961189
 
0.061956367024307894 -0.13637491736842927 -1.724967077387729 1545218769.9739072
 
0.06168835297574481 -0.13809954563783688 -1.724967077387729 1545218769.9855504
 
0.0613769937151986 -0.13999399178124955 -1.7336937236477008 1545218769.997299
 
0.06106012505927029 -0.14188752420355172 -1.7366026057343582 1545218770.0120323
 
0.060762052917034036 -0.14360721231361404 -1.7424203699076726 1545218770.0247626
 
0.06048928699740019 -0.14515414471464477 -1.7453292519943298 1545218770.0360727
 
0.060212022394178256 -0.14670027712814385 -1.7482381340809865 1545218770.0483592
 
0.05989396140078425 -0.14841638068048224 -1.7540558982543015 1545218770.0604513
 
0.059603214975557234 -0.14996003466259414 -1.7569647803409583 1545218770.0772207
 
0.05917676370323558 -0.1521885260147718 -1.759873662427616 1545218770.0895975
 
0.05891433215103765 -0.15355990530841956 -1.759873662427616 1545218770.1013908
 
0.058576325366853026 -0.15527219197008355 -1.7656914266009303 1545218770.1135392
 
0.05830591993950533 -0.1566420212994147 -1.76569142660093 1545218770.1262953
 
0.05795795725165731 -0.15835231255114135 -1.7715091907742446 1545218770.1388993
 
0.057640314631824764 -0.1598906572024917 -1.7744180728609016 1545218770.150094
 
0.0573181984989842 -0.16142807136179818 -1.7773269549475592 1545218770.162354
 
0.05703187304757036 -0.16279466172562623 -1.7773269549475592 1545218770.175361
 
0.05670528612733611 -0.16433113238392216 -1.7802358370342164 1545218770.1865451
 
0.05641498664268344 -0.16569688408018515 -1.7802358370342164 1545218770.199255
 
0.0560839316984998 -0.1672323982364872 -1.7831447191208734 1545218770.2104464
 
0.05578966063700324 -0.16859729970875564 -1.7831447191208734 1545218770.2234561
 
0.05549538957550667 -0.16996220118102412 -1.783144719120874 1545218770.2362661
 
0.05511763118601015 -0.17166615916085576 -1.7889624832941877 1545218770.253082
 
0.0546643211186143 -0.17371090873665385 -1.788962483294188 1545218770.269663
 
0.05427665595220989 -0.175412640183335 -1.794780247467502 1545218770.2857804
 
0.05381145775252457 -0.17745471791935247 -1.7947802474675023 1545218770.3019383
 
0.053458105462652596 -0.17898525483805597 -1.7976891295541595 1545218770.3158908
 
0.053065491807239275 -0.18068585141439328 -1.79768912955416 1545218770.3292527
 
0.052787200631638505 -0.18187546453576414 -1.8005980116408171 1545218770.3404777
 
0.05246915357380907 -0.18323502238875933 -1.8005980116408167 1545218770.3528032
 
0.05215110651597962 -0.18459458024175454 -1.8005980116408167 1545218770.3653166
 
0.05186935607835298 -0.18578337881504273 -1.8035068937274739 1545218770.3803205
 
0.05142117315384479 -0.18765019504745512 -1.8064157758141315 1545218770.3923614
 
0.051132511373586285 -0.18883733435418068 -1.8093246579007884 1545218770.4039564
 
0.050885086990507575 -0.18985488233137401 -1.8093246579007884 1545218770.4157689
 
0.05055518781306927 -0.19121161296763187 -1.8093246579007887 1545218770.4291334
 
0.050225288635630985 -0.19256834360388966 -1.8093246579007884 1545218770.4402895
 
0.04993317483324747 -0.1937546382061752 -1.8122335399874459 1545218770.4519925
 
0.04968279157406158 -0.19477146215099142 -1.8122335399874459 1545218770.464064
 
0.0493489472284804 -0.1961272274107464 -1.8122335399874454 1545218770.476977
 
0.04901510288289923 -0.19748299267050132 -1.8122335399874454 1545218770.4893863
 
0.0487588082524386 -0.19849834274492353 -1.8180513041607598 1545218770.500835
 
0.04846324489967698 -0.19968378260483174 -1.8151424220741026 1545218770.5125391
 
0.048209904883024166 -0.2006998739133245 -1.8151424220741035 1545218770.5244532
 
0.047864242115546 -0.20205267424516002 -1.8209601862474174 1545218770.5373185
 
0.04756523171334192 -0.20323724933198595 -1.8180513041607602 1545218770.5495534
 
0.04730893708288128 -0.2042525994064082 -1.8180513041607602 1545218770.5611553
 
0.04705264245242065 -0.2052679494808304 -1.8180513041607604 1545218770.5732646
 
0.04666377183900772 -0.20678984985414534 -1.8209601862474172 1545218770.5859504
 
0.04640452476339909 -0.20780445010302198 -1.8209601862474172 1545218770.5983572
 
0.04609862788176562 -0.2089872655809228 -1.8238690683340741 1545218770.6099844
 
0.045796172960222224 -0.21017096587127887 -1.8209601862474172 1545218770.6215806
 
0.045536925884613604 -0.2111855661201555 -1.8209601862474172 1545218770.6340857
 
0.04523102900298012 -0.21236838159805635 -1.8238690683340748 1545218770.6459577
 
0.044968831675865725 -0.21338222343625704 -1.8238690683340741 1545218770.658512
 
0.044706634348751315 -0.2143960652744578 -1.8238690683340741 1545218770.6704586
 
0.04439729809540147 -0.21557798593140487 -1.8267779504207315 1545218770.6834145
 
0.04409140121376799 -0.21676080140930573 -1.8238690683340746 1545218770.6952357
 
0.04387044674708952 -0.21760503044998225 -1.8267779504207315 1545218770.7064087
 
0.04351691960040397 -0.21895579691506473 -1.8267779504207313 1545218770.7192614
 
0.043251774240389826 -0.2199688717638765 -1.8267779504207318 1545218770.7316058
 
0.04298662888037565 -0.22098194661268838 -1.8267779504207315 1545218770.7434435
 
0.04272148352036148 -0.22199502146150027 -1.8267779504207322 1545218770.755302
 
0.04249807422922579 -0.22283860420083348 -1.829686832507389 1545218770.7665029
 
0.04218873797587594 -0.2240205248577806 -1.8267779504207318 1545218770.7815394
 
0.04183521082919039 -0.22537129132286307 -1.8267779504207318 1545218770.7932143
 
0.04161180153805468 -0.22621487406219634 -1.829686832507389 1545218770.805176
 
0.04134371038869184 -0.22722717334939624 -1.829686832507389 1545218770.8164408
 
0.041075619239329 -0.22823947263659614 -1.829686832507389 1545218770.8291214
 
0.04080752808996615 -0.2292517719237961 -1.829686832507389 1545218770.8428733
 
0.04053943694060331 -0.23026407121099599 -1.829686832507389 1545218770.8545372
 
0.04027134579124047 -0.23127637049819588 -1.8296868325073892 1545218770.866041
 
0.04000325464187763 -0.23228866978539578 -1.8296868325073892 1545218770.8791912
 
0.039782300175199146 -0.23313289882607235 -1.8267779504207322 1545218770.8933747
 
0.03946952716760917 -0.2343139146611389 -1.8296868325073894 1545218770.906301
 
0.03920143601824633 -0.2353262139483388 -1.8296868325073894 1545218770.9188979
 
0.03893334486888349 -0.2363385132355387 -1.8296868325073885 1545218770.930194
 
0.03871239040220502 -0.23718274227621522 -1.8267779504207318 1545218770.9428349
 
0.03844724504219086 -0.23819581712502705 -1.8267779504207318 1545218770.9549875
 
0.03822383575105515 -0.23903939986436032 -1.8296868325073892 1545218770.9662876
 
0.0380028812843767 -0.23988362890503678 -1.8267779504207315 1545218770.9794333
 
0.037737735924362525 -0.24089670375384867 -1.8267779504207315 1545218770.991883
 
0.03747259056434837 -0.2419097786026605 -1.8267779504207315 1545218771.0035038
 
0.03725409279175301 -0.24275464680116116 -1.8238690683340746 1545218771.0154924
 
0.03703313832507456 -0.24359887584183762 -1.8267779504207318 1545218771.0270271
 
0.036856374751731764 -0.2442742590743789 -1.8267779504207322 1545218771.040287
 
0.03659122939171762 -0.2452873339231907 -1.8267779504207315 1545218771.052018
 
0.036372731619122266 -0.24613220212169135 -1.8238690683340746 1545218771.0635529
 
0.036197933401046004 -0.24680809668049178 -1.8238690683340748 1545218771.0901322
 
0.035673538746817196 -0.2488357803568932 -1.8238690683340746 1545218771.102285
 
0.03545258428013873 -0.2496800093975697 -1.8267779504207315 1545218771.114207
 
0.03522917498900302 -0.25052359213690295 -1.829686832507389 1545218771.1258285
 
0.03500822052232455 -0.2513678211775795 -1.8267779504207318 1545218771.1401756
 
0.03474307516231038 -0.25238089602639135 -1.8267779504207318 1545218771.151874
 
0.0345663115889676 -0.2530562792589326 -1.8267779504207322 1545218771.1637423
 
0.03438954801562484 -0.2537316624914738 -1.8267779504207318 1545218771.1755004
 
0.034166138724489134 -0.25457524523080705 -1.8296868325073892 1545218771.1893392
 
0.03394518425781065 -0.25541947427148365 -1.8267779504207322 1545218771.203089
 
0.033680038897796506 -0.2564325491202954 -1.8267779504207315 1545218771.2149487
 
0.033503275324453734 -0.25710793235283663 -1.8267779504207315 1545218771.2262206
 
0.033238129964439575 -0.25812100720164843 -1.8267779504207318 1545218771.2395434
 
0.033061366391096816 -0.2587963904341896 -1.8267779504207315 1545218771.251108
 
0.03288460281775404 -0.25947177366673085 -1.8267779504207318 1545218771.2629347
 
0.0326661050451587 -0.26031664186523146 -1.8238690683340741 1545218771.2749474
 
0.03244515057848023 -0.261160870905908 -1.8267779504207315 1545218771.2908454
 
0.032180005218466055 -0.26217394575471986 -1.8267779504207318 1545218771.3027754
 
0.0320032416451233 -0.26284932898726104 -1.8267779504207315 1545218771.3148339
 
0.03182647807178052 -0.2635247122198023 -1.8267779504207318 1545218771.3261209
 
0.031649714498437724 -0.2642000954523436 -1.8267779504207322 1545218771.3384717
 
0.0314312167258424 -0.2650449636508441 -1.8238690683340746 1545218771.3509753
 
0.03125641850776612 -0.26572085820964464 -1.8238690683340748 1545218771.3625374
 
0.03108162028968985 -0.26639675276844516 -1.8238690683340746 1545218771.3747945
 
0.030906822071613577 -0.26707264732724567 -1.8238690683340746 1545218771.3865402
 
0.030732023853537318 -0.26774854188604613 -1.8238690683340741 1545218771.40006
 
0.030557225635461045 -0.26842443644484665 -1.8238690683340746 1545218771.4115849
 
0.030382427417384773 -0.26910033100364716 -1.8238690683340748 1545218771.42356
 
0.0302076291993085 -0.2697762255624477 -1.8238690683340746 1545218771.4355464
 
0.03003283098123224 -0.27045212012124814 -1.8238690683340748 1545218771.4489472
 
0.02985803276315597 -0.27112801468004866 -1.8238690683340741 1545218771.4601655
 
0.029683234545079696 -0.2718039092388492 -1.8238690683340746 1545218771.4719005
 
0.029508436327003423 -0.2724798037976497 -1.8238690683340746 1545218771.483559
 
0.029333638108927165 -0.27315569835645015 -1.8238690683340741 1545218771.4968495
 
0.029158839890850878 -0.2738315929152507 -1.8238690683340746 1545218771.5092506
 
0.02898404167277462 -0.2745074874740512 -1.8238690683340748 1545218771.5204732
 
0.028809243454698347 -0.2751833820328517 -1.8238690683340746 1545218771.5322847
 
0.02867961991689403 -0.27569068215729003 -1.8209601862474178 1545218771.5450087
 
0.028506788533154956 -0.2763670823232077 -1.8209601862474174 1545218771.5565128
 
0.028378641217924633 -0.27687475736041883 -1.8180513041607604 1545218771.569184
 
0.02824901768012033 -0.2773820574848571 -1.8209601862474172 1545218771.5803125
 
0.028076186296381242 -0.27805845765077486 -1.8209601862474174 1545218771.593699
 
0.027903354912642155 -0.2787348578166926 -1.8209601862474172 1545218771.6055088
 
0.027772256249084946 -0.279241778735793 -1.8238690683340746 1545218771.6172693
 
0.027642632711280642 -0.27974907886023126 -1.8209601862474172 1545218771.6295238
 
0.027469801327541555 -0.280425479026149 -1.8209601862474174 1545218771.6410034
 
0.02729696994380248 -0.2811018791920667 -1.8209601862474172 1545218771.65377
 
0.027168822628572172 -0.28160955422927775 -1.8180513041607598 1545218771.665506
 
0.02703919909076784 -0.28211685435371614 -1.8209601862474172 1545218771.6772382
 
0.026911051775537532 -0.2826245293909272 -1.8180513041607596 1545218771.6895933
 
0.026740188688563774 -0.28330142944054204 -1.8180513041607598 1545218771.7035892
 
0.026569325601590015 -0.2839783294901569 -1.8180513041607602 1545218771.71566
 
0.02648389405810314 -0.28431677951496426 -1.8180513041607602 1545218771.727247
 
0.026313030971129383 -0.2849936795645791 -1.8180513041607604 1545218771.7395914
 
0.02614216788415561 -0.28567057961419395 -1.8180513041607604 1545218771.752123
 
0.02601254434635132 -0.2861778797386322 -1.8209601862474174 1545218771.7637272
 
0.025884397031120984 -0.28668555477584334 -1.8180513041607607 1545218771.775491
 
0.02579896548763411 -0.2870240048006507 -1.8180513041607604 1545218771.7870004
 
0.025628102400660366 -0.2877009048502655 -1.8180513041607598 1545218771.8009748
 
0.025457239313686608 -0.28837780489988035 -1.8180513041607602 1545218771.8129816
 
0.025371807770199734 -0.2887162549246877 -1.8180513041607598 1545218771.8247652
 
0.02520094468322596 -0.28939315497430257 -1.8180513041607602 1545218771.8361168
 
0.025115513139739087 -0.28973160499910994 -1.8180513041607602 1545218771.849494
 
0.02494465005276533 -0.2904085050487248 -1.8180513041607604 1545218771.861311
 
0.024859218509278455 -0.29074695507353215 -1.8180513041607602 1545218771.8728857
 
0.02468835542230471 -0.29142385512314695 -1.8180513041607598 1545218771.8855495
 
0.024602923878817823 -0.29176230514795437 -1.8180513041607604 1545218771.8991306
 
0.02443206079184408 -0.29243920519756916 -1.8180513041607598 1545218771.910403
 
0.024346629248357204 -0.29277765522237653 -1.8180513041607596 1545218771.9224114
 
0.024175766161383446 -0.2934545552719914 -1.8180513041607598 1545218771.9340982
 
0.024090334617896544 -0.29379300529679886 -1.8180513041607602 1545218771.9459836
 
0.0239194715309228 -0.29446990534641365 -1.8180513041607598 1545218771.9593108
 
0.023834039987435912 -0.2948083553712211 -1.8180513041607604 1545218771.9704585
 
0.023748608443949038 -0.29514680539602844 -1.8180513041607602 1545218771.9823997
 
0.02357774535697528 -0.2958237054456433 -1.8180513041607604 1545218771.9940495
 
0.02345107534864887 -0.2963317510998897 -1.815142422074103 1545218772.0074215
 
0.02336662867643127 -0.2966704482027206 -1.8151424220741028 1545218772.0196342
 
0.023238481361200946 -0.2971781232399317 -1.8180513041607604 1545218772.0312953
 
0.02311181135287455 -0.29768616889417804 -1.8151424220741028 1545218772.0430856
 
0.02302736468065695 -0.29802486599700895 -1.815142422074103 1545218772.0558076
 
0.022899217365426626 -0.29853254103422006 -1.8180513041607602 1545218772.0673485
 
0.02277254735710023 -0.2990405866884664 -1.8151424220741028 1545218772.0837722
 
0.02264735572750728 -0.29954899866087453 -1.812233539987446 1545218772.095741
 
0.02252068571918087 -0.3000570443151209 -1.8151424220741026 1545218772.1097364
 
0.02239549408958795 -0.30056545628752895 -1.8122335399874454 1545218772.1213388
 
0.022312033003192646 -0.30090439760246773 -1.812233539987446 1545218772.1370144
 
0.02214511083040207 -0.3015822802323452 -1.8122335399874454 1545218772.1502645
 
0.022018440822075644 -0.3020903258865916 -1.815142422074103 1545218772.1633713
 
0.021933994149858044 -0.30242902298942254 -1.8151424220741028 1545218772.1751835
 
0.021808802520265097 -0.3029374349618307 -1.8122335399874452 1545218772.1893227
 
0.021682132511938686 -0.30344548061607707 -1.8151424220741028 1545218772.200822
 
0.021597685839721086 -0.303784177718908 -1.8151424220741026 1545218772.2147717
 
0.021472494210128153 -0.30429258969131606 -1.8122335399874459 1545218772.2260835
 
0.021389033123732863 -0.3046315310062548 -1.8122335399874459 1545218772.2384384
 
0.021305572037337562 -0.30497047232119356 -1.8122335399874452 1545218772.2511878
 
0.02117890202901115 -0.30547851797543996 -1.8151424220741028 1545218772.2637749
 
0.02109445535679355 -0.30581721507827087 -1.8151424220741035 1545218772.2757206
 
0.02101000868457595 -0.3061559121811018 -1.8151424220741035 1545218772.2891636
 
0.02092556201235834 -0.30649460928393274 -1.8151424220741028 1545218772.3003547
 
0.02080037038276539 -0.3070030212563409 -1.8122335399874463 1545218772.3150637
 
0.02067370037443898 -0.30751106691058727 -1.8151424220741028 1545218772.3302414
 
0.02058925370222138 -0.3078497640134182 -1.8151424220741028 1545218772.3457966
 
0.020420360357786185 -0.30852715821907994 -1.815142422074103 1545218772.362362
 
0.02033591368556857 -0.3088658553219109 -1.8151424220741028 1545218772.3779876
 
0.020167020341133376 -0.3095432495275727 -1.815142422074103 1545218772.3938906
 
0.020082573668915762 -0.30988194663040364 -1.8151424220741037 1545218772.4099727
 
0.01995738203932283 -0.3103903586028117 -1.8122335399874454 1545218772.421603
 
0.019873920952927525 -0.3107292999177505 -1.812233539987446 1545218772.4333625
 
0.019790459866532235 -0.3110682412326892 -1.812233539987445 1545218772.4452004
 
0.019706998780136945 -0.31140718254762795 -1.8122335399874454 1545218772.45707
 
0.01962353769374164 -0.3117461238625667 -1.812233539987446 1545218772.4702933
 
0.019496867685415243 -0.31225416951681306 -1.815142422074103 1545218772.482043
 
0.0194551371422176 -0.3124236401742824 -1.8122335399874454 1545218772.4935982
 
0.019371676055822296 -0.3127625814892212 -1.812233539987446 1545218772.5053592
 
0.019288214969427005 -0.3131015228041599 -1.8122335399874452 1545218772.5193872
 
0.019161544961100594 -0.3136095684584063 -1.8151424220741035 1545218772.5305076
 
0.019119814417902937 -0.31377903911587574 -1.812233539987446 1545218772.5423148
 
0.01899314440957654 -0.31428708477012207 -1.8151424220741028 1545218772.5568905
 
0.01890869773735894 -0.314625781872953 -1.8151424220741028 1545218772.570182
 
0.01882425106514134 -0.3149644789757839 -1.8151424220741021 1545218772.5827744
 
0.018739804392923717 -0.3153031760786149 -1.8151424220741028 1545218772.5949745
 
0.018655357720706117 -0.3156418731814458 -1.8151424220741028 1545218772.6064048
 
0.018570911048488518 -0.31598057028427673 -1.8151424220741035 1545218772.6202593
 
0.018486464376270904 -0.3163192673871077 -1.8151424220741028 1545218772.632184
 
0.01844473383307327 -0.316488738044577 -1.8122335399874459 1545218772.6438503
 
0.01836127274667798 -0.3168276793595157 -1.8122335399874459 1545218772.6555514
 
0.018277811660282667 -0.31716662067445456 -1.812233539987446 1545218772.6689606
 
0.018194350573887377 -0.3175055619893933 -1.8122335399874459 1545218772.6801798
 
0.018110889487492086 -0.317844503304332 -1.8122335399874459 1545218772.692107
 
0.018027428401096782 -0.3181834446192708 -1.812233539987446 1545218772.7037396
 
0.017943967314701492 -0.3185223859342095 -1.8122335399874452 1545218772.7162266
 
0.017860506228306202 -0.31886132724914823 -1.8122335399874459 1545218772.7294042
 
0.017777045141910898 -0.319200268564087 -1.812233539987446 1545218772.740971
 
0.017735807744731127 -0.31936985989361916 -1.8093246579007891 1545218772.7534935
 
0.017610616115138165 -0.31987827186602735 -1.8122335399874454 1545218772.7673857
 
0.017569378717958384 -0.32004786319555956 -1.8093246579007884 1545218772.7796195
 
0.017486903923598817 -0.32038704585462396 -1.8093246579007891 1545218772.7912107
 
0.017404429129239236 -0.3207262285136884 -1.8093246579007878 1545218772.8028407
 
0.01732195433487967 -0.32106541117275283 -1.8093246579007884 1545218772.8157482
 
0.017239479540520103 -0.32140459383181724 -1.8093246579007891 1545218772.8288097
 
0.017157004746160536 -0.32174377649088165 -1.8093246579007884 1545218772.8400552
 
0.017074529951800956 -0.3220829591499461 -1.8093246579007884 1545218772.8516097
 
0.01699205515744139 -0.3224221418090105 -1.8093246579007878 1545218772.8635395
 
0.01695032461424373 -0.32259161246647994 -1.8122335399874454 1545218772.8762958
 
0.01690908721706396 -0.3227612037960121 -1.8093246579007884 1545218772.8904495
 
0.016783895587471013 -0.3232696157684202 -1.8122335399874452 1545218772.9023354
 
0.016742658190291217 -0.3234392070979525 -1.8093246579007878 1545218772.9144933
 
0.01666018339593165 -0.3237783897570169 -1.8093246579007884 1545218772.9290693
 
0.01657770860157207 -0.32411757241608136 -1.8093246579007887 1545218772.9404469
 
0.016495233807212503 -0.32445675507514576 -1.8093246579007878 1545218772.9523015
 
0.016412759012852936 -0.32479593773421017 -1.8093246579007882 1545218772.9650643
 
0.01637201511062491 -0.32496564830079316 -1.806415775814131 1545218772.977501
 
0.016330777713445127 -0.32513523963032537 -1.8093246579007887 1545218772.9909892
 
0.01624830291908556 -0.3254744222893898 -1.8093246579007887 1545218773.0028963
 
0.016165828124725994 -0.3258136049484542 -1.8093246579007882 1545218773.015257
 
0.016083353330366427 -0.3261527876075186 -1.8093246579007882 1545218773.0292315
 
0.0160426094281384 -0.3263224981741016 -1.806415775814131 1545218773.0404048
 
0.01596112162368237 -0.32666191930726746 -1.8064157758141317 1545218773.054493
 
0.01587963381922633 -0.3270013404404334 -1.806415775814131 1545218773.065983
 
0.015798146014770302 -0.32734076157359926 -1.806415775814131 1545218773.0873234
 
0.015716658210314274 -0.32768018270676513 -1.8064157758141317 1545218773.099787
 
0.015635170405858233 -0.32801960383993106 -1.806415775814131 1545218773.1115446
 
0.015553682601402203 -0.32835902497309694 -1.806415775814131 1545218773.133506
 
0.015472194796946148 -0.3286984461062629 -1.8064157758141315 1545218773.1594884
 
0.015348482605406812 -0.32920722009485953 -1.8093246579007884 1545218773.1837895
 
0.015226250898722742 -0.32971635179460845 -1.8064157758141315 1545218773.211427
 
0.015063275289810683 -0.3303951940609402 -1.8064157758141315 1545218773.235822
 
0.014900299680898624 -0.33107403632727195 -1.8064157758141308 1545218773.2540698
 
0.014900299680898624 -0.33107403632727195 -1.8064157758141308 1545218773.2658231
 
0.014818811876442583 -0.3314134574604379 -1.8064157758141315 1545218773.2773316
 
0.014737324071986541 -0.3317528785936038 -1.8064157758141315 1545218773.3023045
 
0.014655836267530526 -0.3320922997267696 -1.8064157758141308 1545218773.319122
 
0.014574348463074484 -0.33243172085993555 -1.8064157758141315 1545218773.3302963
 
0.014534098400556394 -0.33260154922754814 -1.8035068937274743 1545218773.3424888
 
0.014493354498328379 -0.3327712597941311 -1.806415775814132 1545218773.3555803
 
0.014411866693872349 -0.33311068092729695 -1.8064157758141308 1545218773.367397
 
0.014371616631354247 -0.3332805092949096 -1.8035068937274739 1545218773.3798249
 
0.014291116506318067 -0.3336201660301348 -1.803506893727474 1545218773.3914378
 
0.014250372604090065 -0.33378987659671766 -1.8064157758141306 1545218773.404006
 
0.014210122541571963 -0.3339597049643303 -1.8035068937274734 1545218773.415705
 
0.014169378639343935 -0.3341294155309133 -1.806415775814131 1545218773.4274356
 
0.014087890834887894 -0.3344688366640792 -1.8064157758141315 1545218773.4401312
 
0.014087890834887894 -0.3344688366640792 -1.8064157758141315 1545218773.4530451
 
0.014006403030431878 -0.33480825779724505 -1.8064157758141306 1545218773.464826
 
0.013966152967913788 -0.33497808616485764 -1.8035068937274734 1545218773.4761255
 
0.01392540906568576 -0.33514779673144063 -1.806415775814131 1545218773.4888911
 
0.013885159003167658 -0.3353176250990533 -1.8035068937274739 1545218773.501206
 
0.013804658878131478 -0.33565728183427845 -1.803506893727474 1545218773.513095
 
0.013763914975903464 -0.3358269924008614 -1.806415775814131 1545218773.524877
 
0.013723664913385374 -0.335996820768474 -1.803506893727474 1545218773.5361469
 
0.013643164788349194 -0.33633647750369916 -1.803506893727474 1545218773.5493748
 
0.013643164788349194 -0.33633647750369916 -1.803506893727474 1545218773.5629075
 
0.013562664663313002 -0.3366761342389244 -1.803506893727474 1545218773.5745103
 
0.013562664663313002 -0.3366761342389244 -1.803506893727474 1545218773.586003
 
0.013482164538276822 -0.3370157909741496 -1.803506893727474 1545218773.5979536
 
0.013441420636048794 -0.33718550154073257 -1.806415775814131 1545218773.6108747
 
0.013401170573530716 -0.3373553299083451 -1.803506893727474 1545218773.622418
 
0.013360426671302689 -0.3375250404749281 -1.806415775814131 1545218773.6344385
 
0.01332017660878461 -0.33769486884254063 -1.803506893727474 1545218773.646449
 
0.013279432706556583 -0.3378645794091236 -1.8064157758141317 1545218773.6597226
 
0.013239182644038493 -0.3380344077767362 -1.803506893727474 1545218773.6714685
 
0.013158682519002313 -0.3383740645119614 -1.803506893727474 1545218773.6830788
 
0.013117938616774285 -0.3385437750785444 -1.806415775814131 1545218773.6948857
 
0.013077688554256207 -0.3387136034461569 -1.8035068937274739 1545218773.7073834
 
0.013037932672027517 -0.3388835481777814 -1.8005980116408165 1545218773.7196312
 
0.012997682609509415 -0.339053376545394 -1.803506893727474 1545218773.7314212
 
0.012956938707281401 -0.33922308711197696 -1.806415775814131 1545218773.7437675
 
0.012916688644763311 -0.33939291547958955 -1.803506893727474 1545218773.7562616
 
0.012836188519727131 -0.33973257221481473 -1.8035068937274739 1545218773.7690704
 
0.012836188519727131 -0.33973257221481473 -1.8035068937274739 1545218773.7802584
 
0.012795444617499117 -0.33990228278139767 -1.8064157758141315 1545218773.7922337
 
0.012755194554981015 -0.3400721111490103 -1.8035068937274743 1545218773.803859
 
0.012674694429944823 -0.34041176788423555 -1.8035068937274743 1545218773.8162684
 
0.012674694429944823 -0.34041176788423555 -1.8035068937274743 1545218773.8289156
 
0.012633950527716821 -0.34058147845081843 -1.8064157758141308 1545218773.8403118
 
0.012593700465198731 -0.340751306818431 -1.8035068937274739 1545218773.852892
 
0.012513200340162539 -0.34109096355365626 -1.8035068937274743 1545218773.8655875
 
0.012513200340162539 -0.34109096355365626 -1.8035068937274743 1545218773.8772442
 
0.012432700215126373 -0.3414306202888814 -1.8035068937274739 1545218773.9013298
 
0.012392944332897695 -0.3416005650205058 -1.8005980116408162 1545218773.914361
 
0.012352694270379593 -0.34177039338811843 -1.8035068937274739 1545218773.9258626
 
0.012311950368151565 -0.3419401039547014 -1.8064157758141315 1545218773.9374166
 
0.012271700305633475 -0.342109932322314 -1.8035068937274743 1545218773.950171
 
0.012271700305633475 -0.342109932322314 -1.8035068937274743 1545218773.9631314
 
0.012191200180597309 -0.34244958905753914 -1.8035068937274739 1545218773.974886
 
0.012191200180597309 -0.34244958905753914 -1.8035068937274739 1545218773.9861553
 
0.012110700055561117 -0.3427892457927644 -1.8035068937274739 1545218773.9987495
 
0.012110700055561117 -0.3427892457927644 -1.8035068937274739 1545218774.0109992
 
0.012070944173332427 -0.34295919052438884 -1.8005980116408167 1545218774.0230057
 
0.012030694110814324 -0.3431290188920015 -1.8035068937274743 1545218774.0348957
 
0.011990938228585647 -0.3432989636236259 -1.8005980116408173 1545218774.046217
 
0.011950688166067583 -0.34346879199123836 -1.8035068937274739 1545218774.0598397
 
0.011910932283838892 -0.3436387367228628 -1.8005980116408165 1545218774.0774133
 
0.011910932283838892 -0.3436387367228628 -1.8005980116408165 1545218774.0900435
 
0.011831420519381524 -0.34397862618611164 -1.8005980116408167 1545218774.102084
 
0.011791170456863422 -0.3441484545537243 -1.8035068937274743 1545218774.1150148
 
0.011751414574634732 -0.34431839928534874 -1.8005980116408173 1545218774.1262946
 
0.011751414574634732 -0.34431839928534874 -1.8005980116408173 1545218774.1388805
 
0.011711164512116668 -0.3444882276529612 -1.8035068937274739 1545218774.1503649
 
0.01167140862988799 -0.3446581723845856 -1.8005980116408165 1545218774.1641777
 
0.011631158567369888 -0.34482800075219827 -1.803506893727474 1545218774.175777
 
0.011591402685141198 -0.34499794548382273 -1.8005980116408171 1545218774.1873083
 
0.011591402685141198 -0.34499794548382273 -1.8005980116408171 1545218774.1996005
 
0.01155115262262312 -0.34516777385143527 -1.803506893727474 1545218774.2123642
 
0.01151139674039443 -0.3453377185830597 -1.8005980116408165 1545218774.2242084
 
0.01147114667787634 -0.3455075469506723 -1.8035068937274734 1545218774.2358012
 
0.011431390795647662 -0.3456774916822967 -1.8005980116408165 1545218774.2473197
 
0.011431390795647662 -0.3456774916822967 -1.8005980116408165 1545218774.2600453
 
0.011391140733129572 -0.3458473200499093 -1.803506893727474 1545218774.2728508
 
0.011351384850900882 -0.3460172647815338 -1.8005980116408171 1545218774.2849157
 
0.011311134788382804 -0.3461870931491463 -1.803506893727474 1545218774.2962434
 
0.011271378906154114 -0.34635703788077077 -1.8005980116408165 1545218774.3088105
 
0.011271378906154114 -0.34635703788077077 -1.8005980116408165 1545218774.3211856
 
0.011271378906154114 -0.34635703788077077 -1.8005980116408165 1545218774.3330371
 
0.011191867141696758 -0.3466969273440196 -1.8005980116408165 1545218774.3449075
 
0.011191867141696758 -0.3466969273440196 -1.8005980116408165 1545218774.3568852
 
0.01111235537723939 -0.3470368168072684 -1.8005980116408171 1545218774.3699129
 
0.01111235537723939 -0.3470368168072684 -1.8005980116408171 1545218774.381494
 
0.01111235537723939 -0.3470368168072684 -1.8005980116408171 1545218774.3942087
 
0.0110721053147213 -0.347206645174881 -1.803506893727474 1545218774.4098356
 
0.011032349432492622 -0.3473765899065054 -1.8005980116408171 1545218774.4260843
 
0.010992099369974532 -0.347546418274118 -1.803506893727474 1545218774.4420123
 
0.010952343487745854 -0.3477163630057424 -1.8005980116408165 1545218774.4572353
 
0.010952343487745854 -0.3477163630057424 -1.8005980116408165 1545218774.4750896
 
0.010913082122204513 -0.34788642266337616 -1.7976891295541595 1545218774.4895465
 
0.010873326239975835 -0.34805636739500057 -1.8005980116408171 1545218774.5011353
 
0.010834064874434507 -0.3482264270526343 -1.79768912955416 1545218774.5130196
 
0.010794308992205829 -0.3483963717842587 -1.8005980116408171 1545218774.5256703
 
0.010794308992205829 -0.3483963717842587 -1.8005980116408171 1545218774.5372403
 
0.0107550476266645 -0.3485664314418924 -1.7976891295541597 1545218774.5495832
 
0.0107550476266645 -0.3485664314418924 -1.7976891295541597 1545218774.5620089
 
0.010715291744435822 -0.3487363761735168 -1.8005980116408167 1545218774.575773
 
0.010676030378894481 -0.3489064358311506 -1.7976891295541595 1545218774.5872905
 
0.010676030378894481 -0.3489064358311506 -1.7976891295541595 1545218774.5995648
 
0.010636274496665791 -0.34907638056277507 -1.8005980116408171 1545218774.6111789
 
0.010636274496665791 -0.34907638056277507 -1.8005980116408171 1545218774.6239574
 
0.010597013131124475 -0.34924644022040874 -1.79768912955416 1545218774.6356628
 
0.010557257248895785 -0.3494163849520332 -1.8005980116408171 1545218774.6472433
 
0.010517995883354468 -0.34958644460966687 -1.7976891295541597 1545218774.65944
 
0.010517995883354468 -0.34958644460966687 -1.7976891295541597 1545218774.6728435
 
0.010478240001125778 -0.34975638934129133 -1.8005980116408173 1545218774.685324
 
0.010478240001125778 -0.34975638934129133 -1.8005980116408173 1545218774.696845
 
0.01043897863558445 -0.34992644899892505 -1.79768912955416 1545218774.7092302
 
0.01043897863558445 -0.34992644899892505 -1.79768912955416 1545218774.72155
 
0.010399222753355771 -0.35009639373054946 -1.8005980116408165 1545218774.733165
 
